(-59.99841684350523, 0.006332625979081282, 0.0)
(-59.993667374020916, 0.025330503916325128, 0.0)
(-59.98575159154707, 0.056993633811731545, 0.0)
(-59.97466949608368, 0.10132201566530051, 0.0)
(-59.960421087630735, 0.15831564947703203, 0.0)
(-59.94300636618827, 0.22797453524692618, 0.0)
(-59.92242533175625, 0.3102986729749828, 0.0)
(-59.898677984334704, 0.40528806266120204, 0.0)
(-59.87176432392361, 0.5129427043055839, 0.0)
(-59.84168435052297, 0.6332625979081281, 0.0)
(-59.808438064132794, 0.7662477434688353, 0.0)
(-59.77202546475308, 0.9118981409877047, 0.0)
(-59.73244655238381, 1.070213790464737, 0.0)
(-59.68970132702501, 1.2411946918999313, 0.0)
(-59.64378978867668, 1.4248408452932881, 0.0)
(-59.5947119373388, 1.6211522506448082, 0.0)
(-59.542467773011374, 1.8301289079544907, 0.0)
(-59.48705729569441, 2.0517708172223355, 0.0)
(-59.42848050538791, 2.286077978448343, 0.0)
(-59.36673740209187, 2.5330503916325124, 0.0)
(-59.301827985806284, 2.792688056774844, 0.0)
(-59.23375225653117, 3.064990973875341, 0.0)
(-59.162510214266504, 3.3499591429339994, 0.0)
(-59.0881018590123, 3.647592563950819, 0.0)
(-59.01052719076855, 3.9578912369258004, 0.0)
(-58.92978620953526, 4.280855161858948, 0.0)
(-58.84587891531244, 4.616484338750254, 0.0)
(-58.75880530810007, 4.964778767599725, 0.0)
(-58.668565387898155, 5.325738448407359, 0.0)
(-58.57515915470672, 5.6993633811731526, 0.0)
(-58.47858660852572, 6.085653565897111, 0.0)
(-58.37884774935519, 6.484609002579233, 0.0)
(-58.275942577195124, 6.896229691219517, 0.0)
(-58.169871092045504, 7.320515631817963, 0.0)
(-58.06063329390636, 7.757466824374571, 0.0)
(-57.94822918277766, 8.207083268889342, 0.0)
(-57.83265875865943, 8.669364965362275, 0.0)
(-57.71392202155165, 9.144311913793372, 0.0)
(-57.592018971454344, 9.631924114182628, 0.0)
(-57.466949608367486, 10.13220156653005, 0.0)
(-57.33871393229109, 10.645144270835639, 0.0)
(-57.20731194322516, 11.170752227099376, 0.0)
(-57.07274364116967, 11.709025435321287, 0.0)
(-56.93500902612466, 12.259963895501365, 0.0)
(-56.794108098090106, 12.823567607639596, 0.0)
(-56.650040857066, 13.399836571735998, 0.0)
(-56.50280730305236, 13.988770787790557, 0.0)
(-56.35240743604918, 14.590370255803276, 0.0)
(-56.19884125605646, 15.204634975774155, 0.0)
(-56.042108763074204, 15.831564947703201, 0.0)
(-55.88220995710239, 16.47116017159042, 0.0)
(-55.71914483814105, 17.123420647435793, 0.0)
(-55.552913406190164, 17.788346375239325, 0.0)
(-55.38351566124974, 18.465937355001017, 0.0)
(-55.210951603319785, 19.156193586720875, 0.0)
(-55.035221232400275, 19.8591150703989, 0.0)
(-54.85632454849123, 20.574701806035076, 0.0)
(-54.674261551592636, 21.302953793629435, 0.0)
(-54.48903224170452, 22.04387103318194, 0.0)
(-54.30063661882684, 22.79745352469261, 0.0)
(-54.10907468295964, 23.563701268161452, 0.0)
(-53.914346434102896, 24.342614263588445, 0.0)
(-53.7164518722566, 25.13419251097362, 0.0)
(-53.515390997420766, 25.93843601031693, 0.0)
(-53.3111638095954, 26.75534476161841, 0.0)
(-53.10377030878048, 27.58491876487807, 0.0)
(-52.89321049497603, 28.427158020095884, 0.0)
(-52.679484368182045, 29.28206252727185, 0.0)
(-52.4625919283985, 30.149632286405986, 0.0)
(-52.24253317562543, 31.029867297498285, 0.0)
(-52.019308109862806, 31.92276756054875, 0.0)
(-51.79291673111065, 32.82833307555737, 0.0)
(-51.56335903936896, 33.74656384252416, 0.0)
(-51.33063503463772, 34.6774598614491, 0.0)
(-51.09474471691694, 35.62102113233221, 0.0)
(-50.85568808620663, 36.57724765517349, 0.0)
(-50.61346514250677, 37.546139429972925, 0.0)
(-50.36807588581737, 38.52769645673051, 0.0)
(-50.11952031613843, 39.52191873544626, 0.0)
(-49.86779843346995, 40.5288062661202, 0.0)
(-49.61291023781193, 41.54835904875229, 0.0)
(-49.35485572916436, 42.580577083342554, 0.0)
(-49.09363490752725, 43.62546036989095, 0.0)
(-48.82924777290062, 44.683008908397504, 0.0)
(-48.561694325284435, 45.75322269886226, 0.0)
(-48.29097456467871, 46.83610174128515, 0.0)
(-48.01708849108344, 47.93164603566623, 0.0)
(-47.74003610449863, 49.03985558200546, 0.0)
(-47.45981740492429, 50.16073038030284, 0.0)
(-47.176432392360404, 51.294270430558385, 0.0)
(-46.88988106680697, 52.44047573277209, 0.0)
(-46.600163428264004, 53.59934628694399, 0.0)
(-46.307279476731495, 54.77088209307401, 0.0)
(-46.01122921220944, 55.95508315116223, 0.0)
(-45.71201263469786, 57.15194946120855, 0.0)
(-45.40962974419672, 58.3614810232131, 0.0)
(-45.10408054070605, 59.583677837175784, 0.0)
(-44.795365024225845, 60.81853990309662, 0.0)
(-44.64371497402166, 60.864013676712375, 0.0)
(-44.53778045542869, 60.55544316035984, 0.0)
(-44.43078133947441, 60.24377047180838, 0.0)
(-44.32271754008565, 59.92899714130816, 0.0)
(-44.213589080567544, 59.611122304907774, 0.0)
(-44.10339593045283, 59.29014547075294, 0.0)
(-43.99213815783811, 58.96606897835826, 0.0)
(-43.87981568115842, 58.63889023110945, 0.0)
(-43.76642852804851, 58.308610204073716, 0.0)
(-43.651976764510984, 57.97522985416482, 0.0)
(-43.53646029760634, 57.6387477102664, 0.0)
(-43.41987912807044, 57.29916392855805, 0.0)
(-43.30223336010418, 56.956479768725465, 0.0)
(-43.18352288950641, 56.61069397107981, 0.0)
(-43.06374775101079, 56.261806955516995, 0.0)
(-42.94290794461756, 55.909818722039454, 0.0)
(-42.82100335728728, 55.55472819655511, 0.0)
(-42.69803432410159, 55.196538564161216, 0.0)
(-42.57400051805151, 54.83524671411084, 0.0)
(-42.4489020400675, 54.47085360897031, 0.0)
(-42.322738855322086, 54.10335895385668, 0.0)
(-42.195511080405986, 53.732763744938374, 0.0)
(-42.06721847231825, 53.359065947101605, 0.0)
(-41.937861449153495, 52.982269009242, 0.0)
(-41.807439631680644, 52.602369814519726, 0.0)
(-41.67595314631008, 52.219369401881394, 0.0)
(-41.54340181659019, 51.83326640549675, 0.0)
(-41.40978617187556, 51.44406492285523, 0.0)
(-41.27510556338205, 51.05175995361346, 0.0)
(-41.139360525850186, 50.656355572165296, 0.0)
(-41.002550700990696, 50.25784906994475, 0.0)
(-40.86467620823397, 49.856241349811825, 0.0)
(-40.725737047578995, 49.45153241175899, 0.0)
(-40.5857329169844, 49.04372007658196, 0.0)
(-40.444664722576434, 48.63281088190948, 0.0)
(-40.3025311740483, 48.21879555945676, 0.0)
(-40.15933370580739, 47.801684337973974, 0.0)
(-40.01507118336247, 47.381469154853946, 0.0)
(-39.869744057798144, 46.95815320721504, 0.0)
(-39.723352221859166, 46.53173574375068, 0.0)
(-39.575895566416854, 46.102216017575394, 0.0)
(-39.427374029685, 45.66959362161618, 0.0)
(-39.277788211320825, 45.233872667214605, 0.0)
(-39.127138199125774, 44.7950537107317, 0.0)
(-38.97542297091421, 44.35312980100507, 0.0)
(-38.82264318037288, 43.90810538672719, 0.0)
(-38.66879854425497, 43.45997856106258, 0.0)
(-38.51388927614369, 43.0087507637526, 0.0)
(-38.35791562803472, 42.55442366679446, 0.0)
(-38.200876661807484, 42.09699103532466, 0.0)
(-38.042773945280636, 41.63646326318673, 0.0)
(-37.88360609456857, 41.17283118472771, 0.0)
(-37.723373219029206, 40.70609554814125, 0.0)
(-37.5620763894519, 40.2362633740657, 0.0)
(-37.399713752428674, 39.76332254197884, 0.0)
(-37.236287926100964, 39.28729012876594, 0.0)
(-37.07179664400686, 38.808151366872046, 0.0)
(-36.90624090978209, 38.325912784507054, 0.0)
(-36.739620233922345, 37.84057121562877, 0.0)
(-36.571935244556215, 37.352130712093306, 0.0)
(-36.40318538276471, 36.86058767239071, 0.0)
(-36.23337085307562, 36.365943414772936, 0.0)
(-36.06249122917289, 35.868195217527905, 0.0)
(-35.890547438158215, 35.367349004419665, 0.0)
(-35.7175382630091, 34.8633970181793, 0.0)
(-35.54346525639336, 34.35634913674522, 0.0)
(-35.368328186163644, 33.846203857939656, 0.0)
(-35.19212564908744, 33.332952292820835, 0.0)
(-35.01485816952205, 32.816597777853936, 0.0)
(-34.83652657124331, 32.297145508844565, 0.0)
(-34.65712924624992, 31.774585361241073, 0.0)
(-34.4766684586712, 31.248931574825807, 0.0)
(-34.29514252664339, 30.720173576487326, 0.0)
(-34.11255240078164, 30.188317325895014, 0.0)
(-33.92889718842187, 29.653357235367384, 0.0)
(-33.74417686651063, 29.115293173447604, 0.0)
(-33.55839231058181, 28.574130602760807, 0.0)
(-33.37154338236003, 28.02986865175472, 0.0)
(-33.183629660005636, 27.482504694097113, 0.0)
(-32.99465013363034, 26.93203247271997, 0.0)
(-32.80460788841184, 26.37847111596996, 0.0)
(-32.61350000076724, 25.8218025000254, 0.0)
(-32.421326772572385, 25.262028512403255, 0.0)
(-32.228090102106876, 24.699160876259327, 0.0)
(-32.03378833044964, 24.133189344711603, 0.0)
(-31.838421494812657, 23.56411415638439, 0.0)
(-31.64199054408141, 22.991941151581457, 0.0)
(-31.444494649051535, 22.416665228147494, 0.0)
(-31.24593360354982, 21.838285127357814, 0.0)
(-31.046308855297855, 21.25680972752683, 0.0)
(-30.845618126865375, 20.67222507268334, 0.0)
(-30.64386438995317, 20.084549355241244, 0.0)
(-30.441044130774245, 19.49376108399359, 0.0)
(-30.237160664622273, 18.89988052105651, 0.0)
(-30.03221261317652, 18.30289923860802, 0.0)
(-29.826199300997615, 17.702813121745734, 0.0)
(-29.61912139283462, 17.09962622535712, 0.0)
(-29.4109789643734, 16.493339008398323, 0.0)
(-29.201771499210018, 15.8839483317389, 0.0)
(-28.9914998126646, 15.271459149453257, 0.0)
(-28.78016323496356, 14.655867393106433, 0.0)
(-28.56776148444515, 14.037171359359455, 0.0)
(-28.354296075868525, 13.41538022666606, 0.0)
(-28.139764497893033, 12.790478787363142, 0.0)
(-27.924170245182914, 12.162488188563444, 0.0)
(-27.707510327993177, 11.53139034263603, 0.0)
(-27.489785742905468, 10.897191278791041, 0.0)
(-27.270996281033504, 10.259889736994168, 0.0)
(-27.051142569036813, 9.619489497352802, 0.0)
(-26.830223980257436, 8.97598677976876, 0.0)
(-26.60824050656202, 8.32938153786278, 0.0)
(-26.38519240164093, 7.679675300370043, 0.0)
(-26.16107953597366, 7.026867288139634, 0.0)
(-25.935902946157896, 6.370963730244114, 0.0)
(-25.709660789848627, 5.711953553818219, 0.0)
(-25.482354421721553, 5.049844897984272, 0.0)
(-25.25398310965101, 4.38463336707904, 0.0)
(-25.024546892081332, 3.7163191944818905, 0.0)
(-24.794046193178318, 3.044904923502493, 0.0)
(-24.56248057867313, 2.3703879522769, 0.0)
(-24.329851422420376, 1.6927765038033584, 0.0)
(-24.09615537600453, 1.012050542448378, 0.0)
(-23.861396843360115, 0.32823641249308366, 0.0)
(-23.62557330235118, -0.3586809740390109, 0.0)
(-23.38868422777266, -1.0487047498256956, 0.0)
(-23.150731309877102, -1.7418248197182962, 0.0)
(-22.9117137826343, -2.4380457604410566, 0.0)
(-22.671630637445308, -3.1373735857154657, 0.0)
(-22.43048389285649, -3.8397962585212113, 0.0)
(-22.188271946121137, -4.545323334434556, 0.0)
(-21.944995331487096, -5.253951628269633, 0.0)
(-21.70065404895786, -5.965681140005664, 0.0)
(-21.455248098529438, -6.680511869666468, 0.0)
(-21.208776514041208, -7.39844956160325, 0.0)
(-20.961242193978308, -8.119476982742654, 0.0)
(-20.712640785238637, -8.843620007204876, 0.0)
(-20.46297685278896, -9.570851510282694, 0.0)
(-20.212245122201388, -10.301202814197708, 0.0)
(-19.960454370105886, -11.034621823872328, 0.0)
(-19.707595442726014, -11.771162868042211, 0.0)
(-19.453672204452033, -12.510803012273698, 0.0)
(-19.19868448927343, -13.253543242849886, 0.0)
(-18.94263160847141, -13.99938764089319, 0.0)
(-18.685513994413665, -14.74833364275699, 0.0)
(-18.42733176697901, -15.500380538429184, 0.0)
(-18.168085964263042, -16.255522185638114, 0.0)
(-17.90777251679055, -17.013782662776535, 0.0)
(-17.646398233057695, -17.775121692289986, 0.0)
(-17.383958057580625, -18.539569180838797, 0.0)
(-17.120452752890497, -19.30712061507424, 0.0)
(-16.855882780302093, -20.077773267229063, 0.0)
(-16.59024684071876, -20.85153480846199, 0.0)
(-16.323548831432824, -21.628382225282422, 0.0)
(-16.0557848551529, -22.40833853117543, 0.0)
(-15.786956210974118, -23.191396054991273, 0.0)
(-15.517061409223235, -23.977563581981713, 0.0)
(-15.246104918923734, -24.766814756368774, 0.0)
(-14.974082271050882, -25.559175933937937, 0.0)
(-14.700992911075318, -26.354650373989955, 0.0)
(-14.42684297161351, -27.153201942815414, 0.0)
(-14.151626320049168, -27.954866774122678, 0.0)
(-13.875345000586123, -28.759632823351765, 0.0)
(-13.597998708840084, -29.567501881875884, 0.0)
(-13.319588357967852, -30.378468575552162, 0.0)
(-13.040112420230042, -31.192541893479884, 0.0)
(-12.75957187776283, -32.0097160559057, 0.0)
(-12.47796838480589, -32.82998133823253, 0.0)
(-12.195299057956472, -33.65335469495788, 0.0)
(-11.911563865865002, -34.47983630484511, 0.0)
(-11.626766158990574, -35.30940648120911, 0.0)
(-11.34090307002177, -36.142082072630615, 0.0)
(-11.053974987783779, -36.97786079301589, 0.0)
(-10.76598091760934, -37.81674847941471, 0.0)
(-10.476925071008637, -38.658720411541225, 0.0)
(-10.186801303324742, -39.503812652054734, 0.0)
(-9.895613768380663, -40.35200082283281, 0.0)
(-9.603364122229031, -41.20327521631555, 0.0)
(-9.310049055086743, -42.057655247596955, 0.0)
(-9.015668381362957, -42.91514200139501, 0.0)
(-8.720222250546414, -43.7757345979109, 0.0)
(-8.423713030220277, -44.639419162750656, 0.0)
(-8.12613835280402, -45.506209570292754, 0.0)
(-7.827497297563042, -46.376111209572315, 0.0)
(-7.527794901588841, -47.249094581824764, 0.0)
(-7.227026313163613, -48.12518810044614, 0.0)
(-6.925192964154817, -49.004383379661846, 0.0)
(-6.622294947247859, -49.88667987679631, 0.0)
(-6.3183305775008165, -50.772087449038835, 0.0)
(-6.013304813239671, -51.660577089246814, 0.0)
(-5.707212889140983, -52.55217667569346, 0.0)
(-5.400056200645281, -53.446878044479305, 0.0)
(-5.091833394789035, -54.344689104072714, 0.0)
(-4.782548627386596, -55.24558556128261, 0.0)
(-4.472197244346724, -56.149594620459666, 0.0)
(-4.1607827676800255, -57.05669569881351, 0.0)
(-3.848302739694077, -57.96690315718898, 0.0)
(-3.53475694094157, -58.880218274307595, 0.0)
(-3.220147768835197, -59.79662704815857, 0.0)
(-2.904474648349023, -60.716132839816694, 0.0)
(-2.5877359487718508, -61.63874516985821, 0.0)
(-2.2634540749862393, -62.583163291406855, 0.0)
(-1.9391283035464135, -63.527736381314526, 0.0)
(-1.615539237603758, -64.47020529816093, 0.0)
(-0.7124860005174325, -67.93861724232136, -5.425109874650181)
(-0.703733592540037, -67.9810415423748, -5.634113363895213)
(-0.6941905076998471, -68.02209952452674, -5.287457159116065)
(-0.7092676214508817, -67.96838267855794, -5.561602651161097)
(-0.6971155064809773, -68.02177117487098, -5.275531061749634)
(-0.704271781567168, -68.0006531572337, -5.151498541495828)
(-0.7136878959702073, -67.96076467986538, -5.517863289449181)
(-0.7214361932838557, -67.94424261655278, -5.434779305735952)
(-0.7135664495748087, -67.97504570831927, -5.584611487258341)
(-0.7196183739164467, -67.95339580252585, -5.477257538040897)
(-0.7080881814300692, -68.00579686141111, -5.1650343958157245)
(-0.7052994339681492, -68.02593686983626, -5.2728525687170835)
(-0.7091504096703535, -68.02217483915163, -5.245006294140338)
(-0.7150175020783728, -67.99962780282156, -5.123544370114331)
(-0.726690154598513, -67.95545830676062, -5.480197687441009)
(-0.7142454039882792, -68.00876932740125, -5.167175937432847)
(-0.7065308130343656, -68.04445088227531, -5.36642821493238)
(-0.727777611169672, -67.96648536710815, -5.529000870603868)
(-0.7245983844337274, -67.98661139064197, -5.625886563198622)
(-0.7240763310846651, -67.99725411626811, -5.677903526694811)
(-0.7259015410169787, -67.99963220883086, -5.106287486460166)
(-0.7258732075279616, -67.99403458115269, -5.659510508838615)
(-0.7311923102875991, -67.98439603228302, -5.609218117536035)
(-0.7387242455324554, -67.96702584468247, -5.522442609337567)
(-0.7154495418369764, -68.0538017032332, -5.3958401761467165)
(-0.7244015292346841, -68.03206038090774, -5.264558806740508)
(-0.731263741444588, -68.0020011017375, -5.109896405491079)
(-0.7440029086090905, -67.96718407252821, -5.521413032005034)
(-0.7243113740540639, -68.04089131917291, -5.308247545563579)
(-0.7382343265945515, -68.00257826084781, -5.1047541941979215)
(-0.7501869175396695, -67.95450521371652, -5.464813140259072)
(-0.7365177934207696, -68.02374616053753, -5.20387239903295)
(-0.749492081350133, -67.97266412782906, -5.5443564644049586)
(-0.7332818057310134, -68.03369985966043, -5.256968780932565)
(-0.7521299575729867, -67.97935880025798, -5.571368355007723)
(-0.7369274867336648, -68.03679804019343, -5.268525910926652)
(-0.7528649355003443, -67.97543049210425, -5.555559750201096)
(-0.7431076048992753, -68.03146205363274, -5.232985928907466)
(-0.7604662960330761, -67.96567048426994, -5.510573865662074)
(-0.7467554172028179, -68.01778947433654, -5.1652563618880665)
(-0.7397264985785986, -68.0638369116829, -5.4003048561235705)
(-0.7572085235998672, -67.99862904547663, -5.65847282984535)
(-0.7454006458092504, -68.04379252842689, -5.291195912631209)
(-0.7654105897926715, -67.96925079650427, -5.525427937386882)
(-0.7582901564113641, -68.01678776433636, -5.147810531334122)
(-0.7477205414676606, -68.05749802064122, -5.356520400407151)
(-0.7684344860348942, -67.98146679755885, -5.57855857697182)
(-0.7576958958202511, -68.02293084077701, -5.1780305751008004)
(-0.7531251391433579, -68.06110943821989, -5.363388588641404)
(-0.7750268587740384, -67.98182110673459, -5.576247138902666)
(-0.7648256099452869, -68.02143288650275, -5.166068355076232)
(-0.7558745979150325, -68.05643253430802, -5.339895287868906)
(-0.7796215058522635, -67.97069285027482, -5.530496546130893)
(-0.7750666740339731, -68.00977733139652, -5.103052721214967)
(-0.7661834311600028, -68.0446576404191, -5.269560343111767)
(-0.7584119155893516, -68.07547737742725, -5.433692172860919)
(-0.7825102237733679, -67.9898141494349, -5.61297296605873)
(-0.7739991899871678, -68.02345589384464, -5.167904424469398)
(-0.766358439824362, -68.05392626336771, -5.3124294912583085)
(-0.7982695639370387, -67.96079461926287, -5.484334781013057)
(-0.789523702642479, -67.99537250501264, -5.633216394097233)
(-0.781590710953007, -68.0270050577917, -5.178267095955765)
(-0.7744464667491254, -68.0557835916002, -5.315941628543469)
(-0.7680683670256442, -68.08180187607915, -5.45188080305906)
(-0.7948856235720865, -67.98831669821416, -5.605135933365803)
(-0.7876033508174632, -68.0177263927663, -5.132173132708512)
(-0.7857368394719386, -68.0474370487178, -5.262605647427898)
(-0.7794631686574688, -68.07318000931289, -5.392674418013345)
(-0.8084394532326571, -67.97349487845656, -5.543060774749242)
(-0.8012899722778262, -68.0024950232442, -5.666226895039502)
(-0.7947015547039522, -68.02948936246376, -5.181804458374047)
(-0.7886605590527389, -68.05453513807777, -5.296032989183503)
(-0.7831524831708162, -68.07768678389412, -5.409034746565666)
(-0.8186876745452039, -67.97539514796087, -5.544814427278919)
(-0.8119600191534744, -68.00292652481151, -5.661919686180131)
(-0.805740664349051, -68.02865781257184, -5.169991511396606)
(-0.8000190244379836, -68.05263203396773, -5.278882529427341)
(-0.7947838351689616, -68.07489282493917, -5.3867594618138215)
(-0.7900251067782846, -68.09548555264341, -5.4935827217093)
(-0.8210570752992088, -67.9914668714992, -5.62039934842786)
(-0.8153153787888686, -68.01565077973392, -5.1144603327209275)
(-0.8099569655630233, -68.03848721585159, -5.209632424037656)
(-0.8049747258107656, -68.06000995887509, -5.303970023645258)
(-0.804992771975552, -68.08228095251825, -5.4060931005055775)
(-0.8389455156390707, -67.97002357082438, -5.532621499188206)
(-0.8332330435280656, -67.99412494677395, -5.6299136953006075)
(-0.8278729978830924, -68.01698898573592, -5.116193353172441)
(-0.8228631692130505, -68.0386442552973, -5.206880857413916)
(-0.8181946943453058, -68.05911398817179, -5.296881152210119)
(-0.8138635917947125, -68.07842593152617, -5.386174351033665)
(-0.8098611876023467, -68.09660482450559, -5.474733551155521)
(-0.8448750877241256, -67.98235347031698, -5.586941592230166)
(-0.8399458893128333, -68.00387935531624, -5.671165151463277)
(-0.8352848957281587, -68.02448227312527, -5.139964735227836)
(-0.8352518031165482, -68.04623278194914, -5.226485585974757)
(-0.8309620257350184, -68.06541479964183, -5.3119511633880565)
(-0.8269777066708612, -68.08356178782981, -5.396840020281987)
(-0.823291629251355, -68.10069265101647, -5.481129408925028)
(-0.860301052049362, -67.98215549463849, -5.590437383754885)
(-0.8556930146329415, -68.00257779608052, -5.670725262125442)
(-0.8513277403729126, -68.02216933186199, -5.132755498077513)
(-0.847203296401082, -68.04094624036318, -5.20772918282691)
(-0.8433141836071476, -68.05892161934976, -5.282230329393203)
(-0.8396591835762451, -68.07611230282103, -5.356249209242326)
(-0.8362338949281661, -68.09253318026694, -5.429772460205553)
(-0.8330352546588369, -68.10819940312611, -5.502786128698021)
(-0.87205741129647, -67.98515460128777, -5.602046200847741)
(-0.871910290422471, -68.00575547824533, -5.677938384259878)
(-0.8678451857484951, -68.02430145473159, -5.132228751689641)
(-0.8639970570109876, -68.0421180148011, -5.203570315781691)
(-0.8603646044733907, -68.05921719661195, -5.2745418807933495)
(-0.8569449171568975, -68.07560988477789, -5.345129961617069)
(-0.853735422882234, -68.09130767530728, -5.415323198472487)
(-0.8507340000578435, -68.10632267553558, -5.485111714629652)
(-0.8479368943807003, -68.12066583031827, -5.554482619218183)
(-0.8887112488284614, -67.99502874207339, -5.650210235000874)
(-0.8850326838870061, -68.01245712807902, -5.716384376500411)
(-0.8815215626032404, -68.02933263697122, -5.155126672107787)
(-0.8781739784243489, -68.04566230114362, -5.217005526372482)
(-0.8749902144447511, -68.06145606542198, -5.2785671428290595)
(-0.8719687467307906, -68.0767232613331, -5.339805954246273)
(-0.8691047612766297, -68.0914701896339, -5.400708946575062)
(-0.8663982911077107, -68.10570744180598, -5.461273516397057)
(-0.8668758287592105, -68.12058859375998, -5.527334865368662)
(-0.8644101498243992, -68.13383606736288, -5.5931386143104564)
(-0.907411655810088, -68.00449740559107, -5.686055067657183)
(-0.9040603058935491, -68.02078406068651, -5.119219674449179)
(-0.900860228813532, -68.03657938727724, -5.178346408193364)
(-0.8978096403287162, -68.05188917126011, -5.237231934047287)
(-0.8949072812155208, -68.06671983735899, -5.295869419144778)
(-0.8921521645933757, -68.08107792925696, -5.354252076956472)
(-0.8895427181705093, -68.09496985653016, -5.412373225488008)
(-0.8870768790384125, -68.10840164119328, -5.470225156039432)
(-0.884754835320276, -68.12138064365031, -5.527802535216237)
(-0.8825742740876408, -68.13391403176139, -5.58510262040667)
(-0.8805335830253683, -68.14600742257078, -5.642115225241623)
(-0.9259571450554416, -68.01265260900306, -5.72703533517082)
(-0.9230948060750621, -68.02756004263989, -5.145017669337575)
(-0.92034620753374, -68.0421027773924, -5.196184489420303)
(-0.9177112170068182, -68.05628640253309, -5.247144993104223)
(-0.9151867235900959, -68.07011339009678, -5.297889169866444)
(-0.9127737694438347, -68.08359234047757, -5.348422831414141)
(-0.9122086064983028, -68.09736446188822, -5.400317450545158)
(-0.9099029988552312, -68.11022331710645, -5.455441456681681)
(-0.9077275677978373, -68.12267440971729, -5.510356220937489)
(-0.9056824494188007, -68.13472326254569, -5.565057638060976)
(-0.903767312159109, -68.14637511479398, -5.6195410427935375)
(-0.9019786513938288, -68.15763325253347, -5.673797563576967)
(-0.9504862104355484, -68.01908467466492, -5.116861790140483)
(-0.9478809113918896, -68.03308682231703, -5.16578718816585)
(-0.9453795016052022, -68.0467634728384, -5.214558443575375)
(-0.9429811135864754, -68.06011895342195, -5.2631744823591315)
(-0.9406832485469281, -68.0731545000632, -5.311625695063315)
(-0.9384880270020826, -68.08587664884779, -5.359915180879373)
(-0.9363935198138118, -68.09828712723275, -5.408034172957341)
(-0.9343999849959888, -68.11039079486285, -5.455982229557613)
(-0.9325049860358878, -68.12218997281397, -5.503753010502502)
(-0.9307100845291905, -68.13368965134978, -5.5513450530391975)
(-0.9290125908494591, -68.14489229659516, -5.598752681365753)
(-0.9274132478331593, -68.15580356760213, -5.645978182976785)
(-0.9259102839813201, -68.16642537746232, -5.6930124980378025)
(-0.9783779153653147, -68.02098331403214, -5.1243282586846615)
(-0.9761430470464596, -68.03406976882063, -5.166636982290745)
(-0.9739872737178916, -68.0469166231714, -5.2088147903196305)
(-0.9719070611752962, -68.05952536879518, -5.250858572322674)
(-0.9699035718413034, -68.07189869923613, -5.292764287403943)
(-0.9679777618788417, -68.08404114157321, -5.334533525370868)
(-0.9655622139976225, -68.09582636212174, -5.379137843144123)
(-0.9636655728047046, -68.10752263088833, -5.424910673613725)
(-0.961860299751039, -68.1189448546399, -5.470555792538519)
(-0.9601466828805552, -68.13009613706471, -5.516071023099861)
(-0.9585226310799423, -68.14097777674573, -5.561450354946792)
(-0.9569891842514233, -68.15159409013475, -5.606695240567042)
(-0.9555458049687908, -68.16194687217191, -5.651799310891805)
(-0.9541923483288455, -68.17203940813447, -5.696761557200515)
(-0.9529261387386756, -68.18187315482963, -5.741577029160673)
(-1.009341215857864, -68.03058035751079, -5.162677073265017)
(-1.0073445764579902, -68.04282110334246, -5.2030089450858705)
(-1.0054183017967195, -68.05484771790114, -5.243244302741102)
(-1.0035620625999486, -68.06666204522058, -5.283380738672652)
(-1.0017765786221715, -68.07826655572643, -5.32341664386518)
(-1.000061560320553, -68.08966342935331, -5.363350602798698)
(-0.9984157020755958, -68.10085335601596, -5.403177568172441)
(-0.9968398872530732, -68.11184013830307, -5.442899991666694)
(-0.995333293160823, -68.12262443823002, -5.482512134049211)
(-0.993894439803871, -68.133207647482, -5.52201124245204)
(-0.9925250014198672, -68.14359364522032, -5.561399265784946)
(-0.9912243278895109, -68.15378365867372, -5.600671978728799)
(-0.9899910254738589, -68.16377926929137, -5.639827172179388)
(-0.9888255464230483, -68.17358303433856, -5.678863798198895)
(-0.9877278914963346, -68.18319699793962, -5.717779555428141)
(-0.9866970556890428, -68.19262356473159, -5.75657475061754)
(-0.9857325741050318, -68.20186402007128, -5.129968635753183)
(-1.0471528577844824, -68.0439254977052, -5.201516721473831)
(-1.0455354782585313, -68.055324240207, -5.2362294310502575)
(-1.0439694429915871, -68.06656728810623, -5.270856638580165)
(-1.0424563795994592, -68.07765744661921, -5.305398814292431)
(-1.0409963723675746, -68.08859593035926, -5.339853639273869)
(-1.0352984369391638, -68.09786347701095, -5.375413095742184)
(-1.0337971978034375, -68.10847749669733, -5.41333327756806)
(-1.0323587725121661, -68.11890964865519, -5.4511790621267515)
(-1.0309842077947118, -68.12916206410394, -5.488949773284799)
(-1.0296718230220385, -68.13923466744774, -5.526640585406126)
(-1.0284230071884473, -68.14913005207346, -5.564251889489202)
(-1.027236565467648, -68.15884894073794, -5.60178089652013)
(-1.026112984029547, -68.16839316195768, -5.639226479385377)
(-1.0250529602141558, -68.17776465804887, -5.676587641512676)
(-1.0240532327728746, -68.18696300698763, -5.713860069630383)
(-1.0231174875786275, -68.1959919547899, -5.751045260923262)
(-1.0222423825258962, -68.20485120252539, -5.114373085173336)
(-1.0214299267660993, -68.21354335096257, -5.1491881076991435)
(-1.020679174467062, -68.22206971350046, -5.183921321529022)
(-1.0874823365573065, -68.05709584883944, -5.255904963200696)
(-1.086073910470765, -68.06773092659948, -5.289036503656393)
(-1.0847137744603002, -68.07822869280035, -5.322108994587287)
(-1.0834020063939411, -68.08859045675729, -5.35512182671311)
(-1.0821377574866824, -68.09881612187665, -5.388071366407755)
(-1.0809204639794625, -68.10890689249939, -5.420957329372908)
(-1.079750912414608, -68.11886415268054, -5.453778525625775)
(-1.0786293652070365, -68.12868944208003, -5.486534787423539)
(-1.0775554899894957, -68.13838343318398, -5.519224051851422)
(-1.076529576660746, -68.14794756566666, -5.5518458262879955)
(-1.0755497509220562, -68.15738214493118, -5.584398652623477)
(-1.07461947048491, -68.16668997617938, -5.616882596295554)
(-1.0737327754850454, -68.17586865088442, -5.649292532757121)
(-1.0728951483172908, -68.1849227161871, -5.681631535227367)
(-1.0721040831922575, -68.19385208691995, -5.713897662345151)
(-1.071359795916115, -68.20265794660709, -5.746089715476948)
(-1.0706613705919066, -68.2113408525569, -5.778205841445127)
(-1.0700097177277386, -68.21990265180916, -5.124929911283452)
(-1.0694045416733287, -68.22834435223706, -5.154942513679804)
(-1.068846481464186, -68.23666751354625, -5.184886040186771)
(-1.0683326247469, -68.24487165011604, -5.214757763168654)
(-1.0678653896186678, -68.25295984916613, -5.2445598622676695)
(-1.141968143514455, -68.08017517441709, -5.314302667204527)
(-1.140922877218488, -68.0901377266826, -5.342690368285898)
(-1.1399130222558906, -68.10000247980567, -5.371023948032362)
(-1.1389382606971143, -68.10977118604823, -5.39930516490426)
(-1.1379987832998584, -68.11944356080835, -5.427530451149729)
(-1.1263296271763543, -68.12500862350063, -5.457183733363404)
(-1.1252936818798422, -68.1343990753924, -5.488405990149477)
(-1.1243004427596992, -68.14367228533894, -5.51958453123517)
(-1.1233507271461096, -68.15282951213752, -5.550718993415307)
(-1.1466116687955874, -68.17549654781602, -5.593203694758133)
(-1.2640365805836922, -68.25341930578894, -5.674948846408315)
(-1.3776109961814238, -68.33292698099498, -5.746401254017392)
(-1.4874688226945065, -68.41415905131845, -5.109522238451388)
(-1.5937086982550408, -68.49721829076236, -5.156765113215216)
(-1.696402931943192, -68.58217268154876, -5.194439494798665)
(-1.7956146962974588, -68.66906267480168, -5.222556358883175)
(-1.8914000606729864, -68.75789793628016, -5.241088857221355)
(-0.7176950197912733, -67.97373097874556, -5.278800774754146)
(1.0359614249547153, -68.1663993732078, -5.4323213145647795)
(16.653909825946766, 11.663668386046846, 0.0)
(124.72494207840087, -36.53928142131154, 0.0)
(103.96046439847169, -8.944053045713538, 0.0)
(82.18659234109684, 11.479895356275577, 0.0)
(60.94428665732689, 26.902849156836268, 0.0)
(39.862201189848804, 38.26847322591159, 0.0)
(36.278736263757644, 41.12553839610197, 0.0)
(36.3925190742818, 42.65501877373592, 0.0)
(36.507553184472265, 44.190167246029475, 0.0)
(36.62378123819559, 45.73088484941003, 0.0)
(36.741186072584604, 47.2772802484906, 0.0)
(36.85970322076422, 48.829206471192265, 0.0)
(36.979301084573706, 50.38667726737805, 0.0)
(37.09993793178643, 51.94965704421584, 0.0)
(37.2215752767644, 53.51809604016482, 0.0)
(37.344177021067296, 55.0919894214541, 0.0)
(37.46770543359267, 56.67129356496878, 0.0)
(37.59212293460186, 58.25595651961632, 0.0)
(37.71740172952714, 59.84599205754313, 0.0)
(37.7548332648197, 61.018304961309504, 0.0)
(37.46841761010115, 60.63242954064044, 0.0)
(37.18636054109684, 60.24510343633936, 0.0)
(36.90857752485467, 59.8563614984848, 0.0)
(36.634963730286536, 59.466165742789556, 0.0)
(36.36544336512461, 59.07453988293089, 0.0)
(36.099932242826895, 58.681494267770326, 0.0)
(35.83834699696271, 58.287048573804924, 0.0)
(35.58059458842701, 57.891178758422626, 0.0)
(35.32662192187568, 57.49393716019078, 0.0)
(35.07633081172932, 57.09527858002993, 0.0)
(34.82965862994796, 56.69525525086338, 0.0)
(34.58652312372523, 56.29383434441783, 0.0)
(34.34687031216851, 55.89106997599676, 0.0)
(34.11061764427039, 55.48692831551823, 0.0)
(33.87769744200797, 55.08142750652253, 0.0)
(33.64805171057134, 54.6745742471874, 0.0)
(33.561931486835235, 54.35501195098625, 0.0)
(33.59171684730686, 54.10712659248264, 0.0)
(33.62222083780897, 53.8587576324856, 0.0)
(33.65343925544961, 53.61003696889893, 0.0)
(33.6853586389923, 53.360803776705566, 0.0)
(33.717969778633304, 53.11115997051925, 0.0)
(33.751279103366656, 52.861033057240235, 0.0)
(33.785263395361305, 52.61051035825654, 0.0)
(33.819924602647276, 52.3595207713699, 0.0)
(33.85525490108291, 52.10807023666047, 0.0)
(33.89126130208022, 51.85619806192139, 0.0)
(33.92791933984781, 51.60386324829705, 0.0)
(33.96522598133217, 51.35110133572934, 0.0)
(34.003184231981386, 51.097905890566125, 0.0)
(34.04177178612457, 50.84427698278892, 0.0)
(34.08100251947158, 50.59020262835129, 0.0)
(34.120859962095885, 50.33567478173124, 0.0)
(34.16134046307433, 50.08070490918931, 0.0)
(34.20243325849034, 49.82524305623996, 0.0)
(34.244150670280774, 49.569407381418365, 0.0)
(34.28646425769674, 49.31314094609054, 0.0)
(34.32939356922688, 49.056370001963096, 0.0)
(34.372901384190854, 48.79923739973462, 0.0)
(34.41700668855121, 48.54161740126112, 0.0)
(34.461697406844785, 48.283550906379276, 0.0)
(34.50698011489491, 48.02505153600417, 0.0)
(34.55282845459204, 47.76610657535186, 0.0)
(34.59925611485894, 47.50670380092627, 0.0)
(34.64623981557758, 47.24690948363323, 0.0)
(34.69379540069666, 46.98668094164454, 0.0)
(38.728852566843905, 42.00292611692309, 0.0)
(38.839838313497836, 41.66779285291357, 0.0)
(38.953499009307556, 41.32844970130209, 0.0)
(39.07296338357776, 40.97957786696569, 0.0)
(39.17508974119327, 40.66105278355905, 0.0)
(39.29962285958324, 40.30419613298312, 0.0)
(39.42569499971541, 39.94504235773791, 0.0)
(39.531965895018566, 39.620620567036205, 0.0)
(39.660044599083456, 39.25876416719262, 0.0)
(39.76765647087668, 38.9328356133023, 0.0)
(39.89711280372057, 38.5693212047578, 0.0)
(40.005605390496974, 38.24266447934578, 0.0)
(40.136093669365394, 37.878075803888294, 0.0)
(40.24521427673578, 37.551130988148664, 0.0)
(40.37652132060702, 37.18583223840849, 0.0)
(40.508271573287004, 36.82009928696022, 0.0)
(40.6180873925144, 36.493059874213, 0.0)
(40.75047230077642, 36.12686888125901, 0.0)
(40.860581182271176, 35.80008353956922, 0.0)
(40.99350926993523, 35.43363074410838, 0.0)
(41.103860417597836, 35.10715135484486, 0.0)
(41.23725693304273, 34.74054888768412, 0.0)
(41.37095512433341, 34.37370187465937, 0.0)
(41.481634108975925, 34.047703240953425, 0.0)
(41.61572109405452, 33.680859227725506, 0.0)
(41.750106508256756, 33.313773435929185, 0.0)
(41.86101836422707, 32.98840604923712, 0.0)
(41.995743349580785, 32.62132462417709, 0.0)
(42.13072444792387, 32.25411205124847, 0.0)
(42.241823384167155, 31.929428595571753, 0.0)
(42.377119537431305, 31.562245704091005, 0.0)
(42.512646376757544, 31.194955968691506, 0.0)
(42.648389393943916, 30.827549276799175, 0.0)
(42.75971132028944, 30.503795164044455, 0.0)
(42.89575027361575, 30.13645200067366, 0.0)
(43.03198397452941, 29.7690329930785, 0.0)
(43.16843498517281, 29.401492683711155, 0.0)
(43.30508463056948, 29.033886119213392, 0.0)
(43.441922533037356, 28.666199373476417, 0.0)
(43.553543636824834, 28.34378177066309, 0.0)
(43.690626230089904, 27.976217981806702, 0.0)
(43.82792006915112, 27.608518433371874, 0.0)
(43.96538635869921, 27.240821746230157, 0.0)
(44.103045717036835, 26.872954661934404, 0.0)
(44.24086364119954, 26.505134678516306, 0.0)
(44.378869872143916, 26.137215227465134, 0.0)
(44.51706132398821, 25.769177264840245, 0.0)
(44.629011716689476, 25.44855615112931, 0.0)
(44.76742497383052, 25.080658112191845, 0.0)
(44.90600971616518, 24.712696832296224, 0.0)
(45.04476726923481, 24.3446425782847, 0.0)
(45.18367459282455, 23.97661593369688, 0.0)
(45.322755166131756, 23.608472197226835, 0.0)
(45.46200155151779, 23.240287612991928, 0.0)
(45.60140772181575, 22.872046873884454, 0.0)
(45.740979557965176, 22.503738921198345, 0.0)
(45.88071270559186, 22.135362818832103, 0.0)
(46.02061350994699, 21.766877615452742, 0.0)
(46.16065840238827, 21.39841917147562, 0.0)
(46.30086944287819, 21.029850820223206, 0.0)
(46.44123579733469, 20.661228397747593, 0.0)
(46.58175896323436, 20.29253056922265, 0.0)
(46.722436377833844, 19.923785130263603, 0.0)
(46.863279969382816, 19.55490589053967, 0.0)
(47.0326264083744, 19.13447116164313, 0.0)
(47.173866214070856, 18.765330375954733, 0.0)
(47.31526159052084, 18.396095116092667, 0.0)
(47.45680552648644, 18.026809923144484, 0.0)
(47.59849781927808, 17.657447341780042, 0.0)
(47.74033627918135, 17.288040486075626, 0.0)
(47.882327113047715, 16.91855953255728, 0.0)
(48.02447481148574, 16.5489780792394, 0.0)
(48.16676610189734, 16.17936602746152, 0.0)
(48.3385632267482, 15.755943369017576, 0.0)
(48.481257380160834, 15.385907407257148, 0.0)
(48.624072808155226, 15.015922481161878, 0.0)
(48.767038442510696, 14.645821505762648, 0.0)
(48.91015732289589, 14.275611075602757, 0.0)
(49.053424432821984, 13.905355467552413, 0.0)
(49.226850706307495, 13.47983586952384, 0.0)
(49.37048634940326, 13.109273562998252, 0.0)
(49.51427102794028, 12.73860481815376, 0.0)
(49.658193308747826, 12.367865443347076, 0.0)
(49.80228722023261, 11.99694833817069, 0.0)
(49.97703799733918, 11.569770823901145, 0.0)
(50.121478974395515, 11.198611821345354, 0.0)
(50.266056749230955, 10.827376893630019, 0.0)
(50.41079574074348, 10.456006426985857, 0.0)
(50.58662938498914, 10.02736538295557, 0.0)
(50.7317317921415, 9.655669594125982, 0.0)
(50.876963366469575, 9.283880817983444, 0.0)
(51.022354808512176, 8.911982602273962, 0.0)
(51.19924927670229, 8.4819361273906, 0.0)
(51.344997509398, 8.109681005886518, 0.0)
(51.49087633938422, 7.737385557672128, 0.0)
(51.63691556803107, 7.36493491708884, 0.0)
(51.81485072072067, 6.933466533534676, 0.0)
(51.9612267884995, 6.560708658689493, 0.0)
(52.107770304434325, 6.187791402296363, 0.0)
(52.28651663545042, 5.75517917660624, 0.0)
(52.43339492618102, 5.381949795008694, 0.0)
(52.58043750620637, 5.008549096593669, 0.0)
(52.72758334563645, 4.635185670317581, 0.0)
(52.90734889982325, 4.201151279563543, 0.0)
(53.05489757985812, 3.8272164006361997, 0.0)
(53.20252625123687, 3.453425528559274, 0.0)
(53.383093785921275, 3.018209988053959, 0.0)
(53.53110279079319, 2.6439703711573435, 0.0)
(53.6792402691976, 2.2696065050414833, 0.0)
(53.86058887837072, 1.8332848195864295, 0.0)
(54.00909374518167, 1.458504748736899, 0.0)
(54.15772862486234, 1.0836453937578567, 0.0)
(54.33986088392937, 0.646154801827415, 0.0)
(54.48883197604423, 0.2709535973003204, 0.0)
(54.67151132941109, -0.16733108014910802, 0.0)
(54.82085444230068, -0.542990944791737, 0.0)
(54.97032931170667, -0.9187832367483187, 0.0)
(55.15377337305236, -1.3581654597250565, 0.0)
(55.303582676948025, -1.7343034192314044, 0.0)
(55.45355182772192, -2.1105873132168265, 0.0)
(55.637756491750324, -2.55113451838086, 0.0)
(55.788056682263054, -2.9277857245996755, 0.0)
(55.972808985150564, -3.369158804301047, 0.0)
(56.12344728183406, -3.746203653667716, 0.0)
(56.274232418002704, -4.1234006539327135, 0.0)
(56.45972700387127, -4.5658816244126275, 0.0)
(56.610861830307236, -4.943473366941294, 0.0)
(56.796901153869136, -5.386833160655789, 0.0)
(56.948372517085865, -5.764808105185765, 0.0)
(57.13495374035962, -6.209020478889169, 0.0)
(57.28676298786611, -6.587416260683843, 0.0)
(57.43870249640547, -6.965913589736635, 0.0)
(57.62602566595324, -7.41123829718535, 0.0)
(57.77829937272743, -7.790130396248768, 0.0)
(57.96616073440092, -8.236323825425933, 0.0)
(58.11878192439241, -8.615685766870268, 0.0)
(58.30716452348142, -9.062666021290424, 0.0)
(58.46012466558708, -9.442452523600958, 0.0)
(58.649036629251604, -9.89028172131378, 0.0)
(58.80233286916415, -10.270468227876096, 0.0)
(58.99176569070477, -10.719120722725517, 0.0)
(59.14539002184456, -11.099694344304709, 0.0)
(59.29918141443283, -11.480501368408483, 0.0)
(59.48931857759493, -11.93024011949364, 0.0)
(59.64342581492838, -12.311386305845591, 0.0)
(59.83410401736998, -12.76205963106595, 0.0)
(59.98855428894919, -13.14368603139846, 0.0)
(60.17974014890668, -13.595118298268765, 0.0)
(60.33451055460436, -13.97711768428293, 0.0)
(60.52624321356591, -14.429542464710915, 0.0)
(60.68135478321535, -14.812003074828537, 0.0)
(60.87357283118887, -15.265131964342402, 0.0)
(61.02900683177443, -15.647962173331022, 0.0)
(61.221739491383104, -16.10196134747973, 0.0)
(61.37752186689576, -16.485297131074148, 0.0)
(61.570779268335514, -16.940233016180134, 0.0)
(61.726874675235585, -17.323877426605012, 0.0)
(61.92062250426023, -17.7795599314219, 0.0)
(62.07706624826935, -18.163754280177482, 0.0)
(62.2713571145871, -18.6204164098543, 0.0)
(62.42810446731558, -19.004928553724312, 0.0)
(62.62288111284791, -19.462345025772976, 0.0)
(62.81794519835427, -19.92022144363118, 0.0)
(62.97524915864315, -20.305601114976728, 0.0)
(63.17085286281002, -20.76447602554525, 0.0)
(63.32845445723086, -21.150178395300443, 0.0)
(63.52454651014304, -21.609811403875185, 0.0)
(63.68251261403001, -21.996114280635023, 0.0)
(63.87908352059183, -22.456517190041815, 0.0)
(64.03738384300387, -22.843281533011645, 0.0)
(64.23446960524187, -23.304624839162976, 0.0)
(64.39307030253882, -23.691722471159203, 0.0)
(64.590653687452, -24.153844391327357, 0.0)
(64.78852984371487, -24.616515057219203, 0.0)
(64.94767337167909, -25.004456573536004, 0.0)
(65.14604907835879, -25.46796526616019, 0.0)
(65.30551681934854, -25.856372396963724, 0.0)
(65.50440108444735, -26.32078943706093, 0.0)
(65.66419792188998, -26.709631191205283, 0.0)
(65.86354065421045, -27.174776348395962, 0.0)
(66.06321616812424, -27.640544545885017, 0.0)
(66.2235347757239, -28.03018329240796, 0.0)
(66.42367687413683, -28.496727514636937, 0.0)
(66.58433055133798, -28.886865785311773, 0.0)
(66.78496840662436, -29.354262356807247, 0.0)
(66.94594251923594, -29.744847945073897, 0.0)
(67.14707041462898, -30.213104513775207, 0.0)
(67.34849948482926, -30.68192568045157, 0.0)
(67.50998894939876, -31.0732920625836, 0.0)
(67.71191901851893, -31.542997913119276, 0.0)
(67.87372229466521, -31.934762969328254, 0.0)
(68.0761147315096, -32.40523992890501, 0.0)
(68.27881101101572, -32.87626622134114, 0.0)
(68.44114545174111, -33.26889789133465, 0.0)
(68.6443330760942, -33.74082757391847, 0.0)
(68.80697895414666, -34.13386423510195, 0.0)
(69.01066585670493, -34.60671012562155, 0.0)
(69.21459233097734, -35.07983655897262, 0.0)
(69.37776586160342, -35.4737327305016, 0.0)
(69.58219839186648, -35.9478348261982, 0.0)
(69.74571145921624, -36.34227038043335, 0.0)
(69.95061454622049, -36.817166105928244, 0.0)
(70.15581446115893, -37.29264674464013, 0.0)
(70.31982910727035, -37.687829036294886, 0.0)
(70.5255200328771, -38.164186363301496, 0.0)
(70.73149357911382, -38.64107385402616, 0.0)
(70.89600863341921, -39.03700043138013, 0.0)
(71.10247912832094, -39.51479241150039, 0.0)
(71.2673229549742, -39.911217645092854, 0.0)
(71.47425705734892, -40.389836568579554, 0.0)
(71.68146673515886, -40.868906656050285, 0.0)
(71.84682576371392, -41.26616684980698, 0.0)
(72.0545185355631, -41.74611364943565, 0.0)
(72.26248958853172, -42.226604646846425, 0.0)
(72.42836231340038, -42.62467796069955, 0.0)
(72.63683706245133, -43.10610302023057, 0.0)
(72.84558787630974, -43.58802696535145, 0.0)
(73.01196420634793, -43.98690397257678, 0.0)
(73.22115975050387, -44.469559655991304, 0.0)
(73.38786427192456, -44.86895324387127, 0.0)
(73.59755748097086, -45.352550333679154, 0.0)
(73.80751793566611, -45.83663485247836, 0.0)
(73.9747535946796, -46.23694238411088, 0.0)
(74.18517596990965, -46.72183303465044, 0.0)
(74.39590663543368, -47.20735045543968, 0.0)
(74.56363286080237, -47.60839495460631, 0.0)
(74.77482302730418, -48.09474729501216, 0.0)
(74.98631144184874, -48.581687202367625, 0.0)
(75.15453178506041, -48.983498259594455, 0.0)
(75.36648062890073, -49.4712384699667, 0.0)
(75.57870850550935, -49.959527846482956, 0.0)
(75.7474615323787, -50.36227617867815, 0.0)
(75.96014696221573, -50.851381407812205, 0.0)
(76.17314310025064, -51.34110066708737, 0.0)
(76.34237976478887, -51.74457718496742, 0.0)
(76.5558187734723, -52.23508328200578, 0.0)
(76.76954315061963, -52.72615356328239, 0.0)
(76.93929766734512, -53.130509668371396, 0.0)
(77.15349149804194, -53.622419719393676, 0.0)
(77.36796123544437, -54.114852455756626, 0.0)
(77.53825219717962, -54.520189695254835, 0.0)
(77.75316064041185, -55.0133926739277, 0.0)
(77.9683719192201, -55.50720570092064, 0.0)
(78.18387528590725, -56.001599994111174, 0.0)
(78.35482821650443, -56.40797326598422, 0.0)
(78.57078141616977, -56.9031864625269, 0.0)
(78.78700580029674, -57.3989155461448, 0.0)
(78.95848553405301, -57.806222481846135, 0.0)
(79.17517328638432, -58.30278578523801, 0.0)
(79.3921587866525, -58.79997688584717, 0.0)
(79.56412484572003, -59.208046021811995, 0.0)
(79.78158234938294, -59.7061595658074, 0.0)
(79.99926088114444, -60.204565833877, 0.0)
(80.17174548782272, -60.613533865286065, 0.0)
(80.38733235940634, -61.096010464073245, 0.0)
(80.49736779485964, -60.92493057840716, 0.0)
(80.60618232849848, -60.75537367654884, 0.0)
(80.69131356486493, -60.614043150803234, 0.0)
(80.80031713020298, -60.44441526750895, 0.0)
(80.91193729278767, -60.2717425016891, 0.0)
(80.99738965115212, -60.13032073764136, 0.0)
(81.10500349323372, -59.96260213960226, 0.0)
(81.21836204870615, -59.788098364304425, 0.0)
(81.33322663826607, -59.61190271755471, 0.0)
(81.4119231784686, -59.47887536321777, 0.0)
(81.52578649702369, -59.30401342868461, 0.0)
(81.63593097193171, -59.13367755314984, 0.0)
(81.72815844016628, -58.98477488092322, 0.0)
(81.84042354442037, -58.81206186049853, 0.0)
(81.94963088788633, -58.643064476398195, 0.0)
(82.064861023199, -58.46697564173679, 0.0)
(82.1485442215089, -58.32856724478598, 0.0)
(82.25925277817547, -58.15805420747248, 0.0)
(82.37742281559372, -57.97866556469761, 0.0)
(82.45543123392335, -57.84732645728237, 0.0)
(82.56987944556862, -57.67254041893512, 0.0)
(82.68248870716567, -57.500021139955514, 0.0)
(82.80409049394281, -57.31680618918629, 0.0)
(82.88613734677489, -57.180985889465944, 0.0)
(83.00501722011298, -57.001192791022724, 0.0)
(83.10878461090061, -56.825863165912395, 0.0)
(83.07948234687063, -56.67969444359043, 0.0)
(83.0230916440704, -56.566406721869754, 0.0)
(83.00411098382497, -56.408697280736504, 0.0)
(82.9845295981743, -56.25209703593686, 0.0)
(82.9264716964526, -56.142247192922675, 0.0)
(82.90570206033276, -55.98795072280745, 0.0)
(82.88431455208361, -55.83477806480392, 0.0)
(82.86228878982207, -55.682742223873134, 0.0)
(82.81510392277872, -55.56166894448392, 0.0)
(82.79208629686123, -55.4117171000878, 0.0)
(82.76846648391121, -55.262886925633616, 0.0)
(82.7577703044123, -55.09871919174255, 0.0)
(82.70929821533711, -54.98099766938868, 0.0)
(82.68421469028318, -54.8351906021348, 0.0)
(82.67253375389005, -54.67339745595141, 0.0)
(82.64639880085066, -54.5296506882417, 0.0)
(82.59669452565709, -54.41523164460048, 0.0)
(82.5839773481364, -54.25587753473208, 0.0)
(82.57099481666938, -54.09721667933774, 0.0)
(82.54301167780523, -53.957321114767424, 0.0)
(82.50698808696316, -53.82783631928762, 0.0)
(82.49311899244644, -53.67141601381735, 0.0)
(82.47900536452875, -53.51559354612649, 0.0)
(82.46455260052703, -53.3606646659902, 0.0)
(82.4128167390451, -53.252263166009264, 0.0)
(82.39781107973725, -53.09878080798236, 0.0)
(82.38253249169644, -52.945924048435884, 0.0)
(82.36692869966339, -52.79394559262307, 0.0)
(82.33009403308127, -52.668724809936386, 0.0)
(82.31407918091688, -52.517957462473305, 0.0)
(82.29778286038379, -52.36790474286678, 0.0)
(82.29745705046999, -52.19827370591826, 0.0)
(82.24397343060623, -52.09548934811473, 0.0)
(82.24346895936, -51.92675269464221, 0.0)
(82.22625813197116, -51.77935913153135, 0.0)
(82.20877730020658, -51.63261427672995, 0.0)
(82.17134496224556, -51.51129363654786, 0.0)
(82.17040208989559, -51.34456951049325, 0.0)
(82.15232282278855, -51.19970835347069, 0.0)
(82.15120342981814, -51.03376672841096, 0.0)
(82.13265516046, -50.8901823969831, 0.0)
(82.09489123609647, -50.771299020629684, 0.0)
(82.09351003508931, -50.60672989302947, 0.0)
(82.07439083984491, -50.46497562241395, 0.0)
(82.07280357604107, -50.301285446779204, 0.0)
(82.03483058935305, -50.18425296868438, 0.0)
(82.0331349991422, -50.02131577993469, 0.0)
(82.0133014631905, -49.881914416445575, 0.0)
(82.01137137855257, -49.720039707069375, 0.0)
(81.97321126933193, -49.60479647675664, 0.0)
(81.97118749158918, -49.44365785888498, 0.0)
(81.96914841957997, -49.282828540687206, 0.0)
(81.96702527581193, -49.12243209410082, 0.0)
(81.94610413288734, -48.98650155295552, 0.0)
(81.92651097546383, -48.84926435519572, 0.0)
(81.92426368536005, -48.689995964348356, 0.0)
(81.90287991130677, -48.555754466368576, 0.0)
(81.90037603042717, -48.39743414069459, 0.0)
(81.88107767534017, -48.261177320406, 0.0)
(81.87857641868742, -48.10354843210498, 0.0)
(81.87602738928956, -47.946236630376085, 0.0)
(81.87341800607739, -47.789331357237685, 0.0)
(81.87073562436046, -47.63280921945345, 0.0)
(81.8321138933628, -47.52339352276352, 0.0)
(81.82933041279306, -47.367664878740136, 0.0)
(81.82648261421012, -47.21229932686992, 0.0)
(81.82357079681695, -47.05736839035456, 0.0)
(81.80494129093007, -46.92325777742854, 0.0)
(81.8020154898439, -46.76892809044002, 0.0)
(81.79904431555113, -46.61500987157529, 0.0)
(81.79601050886251, -46.4614385570136, 0.0)
(81.79291084177393, -46.308243904537136, 0.0)
(81.77463222918264, -46.17533769238386, 0.0)
(81.77152463071714, -46.02275397186274, 0.0)
(81.76834237290231, -45.87062911936367, 0.0)
(81.76510772134695, -45.71883805113642, 0.0)
(81.7827673447433, -45.539720771459024, 0.0)
(81.74386863908441, -45.43569640312602, 0.0)
(81.74056817722881, -45.28485399633684, 0.0)
(81.75837931049128, -45.106390919540665, 0.0)
(81.75502311832774, -44.95624596245013, 0.0)
(81.7374595119824, -44.82527383004508, 0.0)
(81.73407866476101, -44.67575175779653, 0.0)
(81.73064967505539, -44.52660602821187, 0.0)
(81.74878180353971, -44.3489791238766, 0.0)
(81.74529763206637, -44.2004379507749, 0.0)
(81.72813670693138, -44.070501719030275, 0.0)
(81.7246365470168, -43.922567311658604, 0.0)
(81.72107031015717, -43.775089986907815, 0.0)
(81.73951210411037, -43.5983033748811, 0.0)
(81.73588979884876, -43.451431228412076, 0.0)
(81.71909426719553, -43.32255533188003, 0.0)
(81.71548422456793, -43.176208426000095, 0.0)
(81.73416909940899, -43.000110560878, 0.0)
(81.73049285528947, -42.85449925329241, 0.0)
(81.74931473670856, -42.67873979788732, 0.0)
(81.73292802558586, -42.55078768227709, 0.0)
(81.7292495145854, -42.405984873002936, 0.0)
(81.7255281922905, -42.261511105028035, 0.0)