16
77.51318672523924 -52.91903505469024 0.0
-127.42147137129042 64.90050704134184 -5.185651818340553
-128.3740909183677 -63.54674828653133 -5.486724037894181
-129.0129497232297 63.374431557841426 -5.266925569007996
127.19283834702927 64.78301863750632 -5.354076740607523
37.86001766354358 51.28395976770445 0.0
1.994790681657474 68.6372994809682 -5.320066766813992
127.73217182409394 64.42426692851367 -5.99110946196572
64.19020634231931 -5.136801607912228 0.0
39.35476158188118 21.10705035396515 0.0
-129.4048021251567 -63.5023787777776 -5.685703007642623
127.85435581773893 64.40410030165513 -5.892711515878588
83.42642592735548 -53.93569730861509 0.0
105.00215080391146 24.43729396379618 0.0
124.95680714313923 -23.764500809932198 0.0
128.44474059442604 -63.625204686770175 -5.373690090372835
77.51318672523924 -52.91903505469024 0.0
-127.42147137129042 64.90050704134184 -5.185651818340553
-128.3740909183677 -63.54674828653133 -5.486724037894181
-129.0129497232297 63.374431557841426 -5.266925569007996
127.19283834702927 64.78301863750632 -5.354076740607523
37.86001766354358 51.28395976770445 0.0
1.994790681657474 68.6372994809682 -5.320066766813992
127.73217182409394 64.42426692851367 -5.99110946196572
64.19020634231931 -5.136801607912228 0.0
39.35476158188118 21.10705035396515 0.0
-129.4048021251567 -63.5023787777776 -5.685703007642623
127.85435581773893 64.40410030165513 -5.892711515878588
85.07646265106126 -54.219387854057786 0.0
105.00215080391146 24.43729396379618 0.0
124.95680714313923 -23.764500809932198 0.0
128.44474059442604 -63.625204686770175 -5.373690090372835
77.51915471665619 -52.92006113048355 0.0
-127.42147137129042 64.90050704134184 -5.185651818340553
-128.3740909183677 -63.54674828653133 -5.486724037894181
-129.0129497232297 63.374431557841426 -5.266925569007996
127.19283834702927 64.78301863750632 -5.354076740607523
37.86001766354358 51.28395976770445 0.0
1.994790681657474 68.6372994809682 -5.320066766813992
127.73217182409394 64.42426692851367 -5.99110946196572
64.19020634231931 -5.136801607912228 0.0
39.35476158188118 21.10705035396515 0.0
-129.4048021251567 -63.5023787777776 -5.685703007642623
127.85435581773893 64.40410030165513 -5.892711515878588
86.72053138335009 -54.50205232370717 0.0
105.00215080391146 24.43729396379618 0.0
124.95680714313923 -23.764500809932198 0.0
128.44474059442604 -63.625204686770175 -5.373690090372835
77.5310906994901 -52.92211328207018 0.0
-127.42147137129042 64.90050704134184 -5.185651818340553
-128.3740909183677 -63.54674828653133 -5.486724037894181
-129.0129497232297 63.374431557841426 -5.266925569007996
127.19283834702927 64.78301863750632 -5.354076740607523
37.86001766354358 51.28395976770445 0.0
1.994790681657474 68.6372994809682 -5.320066766813992
127.73217182409394 64.42426692851367 -5.99110946196572
64.19020634231931 -5.136801607912228 0.0
39.35476158188118 21.10705035396515 0.0
-129.4048021251567 -63.5023787777776 -5.685703007642623
127.85435581773893 64.40410030165513 -5.892711515878588
88.35863212422197 -54.78369071756324 0.0
105.00215080391146 24.43729396379618 0.0
124.95680714313923 -23.764500809932198 0.0
128.44474059442604 -63.625204686770175 -5.373690090372835
77.543026682324 -52.9241654336568 0.0
-127.42147137129042 64.90050704134184 -5.185651818340553
-128.3740909183677 -63.54674828653133 -5.486724037894181
-129.0129497232297 63.374431557841426 -5.266925569007996
127.19283834702927 64.78301863750632 -5.354076740607523
37.86001766354358 51.28395976770445 0.0
1.994790681657474 68.6372994809682 -5.320066766813992
127.73217182409394 64.42426692851367 -5.99110946196572
64.19020634231931 -5.136801607912228 0.0
39.35476158188118 21.10705035396515 0.0
-129.4048021251567 -63.5023787777776 -5.685703007642623
127.85435581773893 64.40410030165513 -5.892711515878588
89.9907648736769 -55.064303035626 0.0
105.00215080391146 24.43729396379618 0.0
124.95680714313923 -23.764500809932198 0.0
128.44474059442604 -63.625204686770175 -5.373690090372835
77.5547537854583 -52.926181672590666 0.0
-127.42147137129042 64.90050704134184 -5.185651818340553
-128.3740909183677 -63.54674828653133 -5.486724037894181
-129.0129497232297 63.374431557841426 -5.266925569007996
127.19283834702927 64.78301863750632 -5.354076740607523
37.86001766354358 51.28395976770445 0.0
1.994790681657474 68.6372994809682 -5.320066766813992
127.73217182409394 64.42426692851367 -5.99110946196572
64.19020634231931 -5.136801607912228 0.0
39.35476158188118 21.10705035396515 0.0
-129.4048021251567 -63.5023787777776 -5.685703007642623
127.85435581773893 64.40410030165513 -5.892711515878588
91.61692963171487 -55.34388927789544 0.0
105.00215080391146 24.43729396379618 0.0
124.95680714313923 -23.764500809932198 0.0
128.44474059442604 -63.625204686770175 -5.373690090372835
77.56627200889302 -52.92816199887176 0.0
-127.42147137129042 64.90050704134184 -5.185651818340553
-128.3740909183677 -63.54674828653133 -5.486724037894181
-129.0129497232297 63.374431557841426 -5.266925569007996
127.19283834702927 64.78301863750632 -5.354076740607523
37.86001766354358 51.28395976770445 0.0
1.994790681657474 68.6372994809682 -5.320066766813992
127.73217182409394 64.42426692851367 -5.99110946196572
64.19020634231931 -5.136801607912228 0.0
39.35476158188118 21.10705035396515 0.0
-129.4048021251567 -63.5023787777776 -5.685703007642623
127.85435581773893 64.40410030165513 -5.892711515878588
93.2371263983359 -55.622449444371576 0.0
105.00215080391146 24.43729396379618 0.0
124.95680714313923 -23.764500809932198 0.0
128.44474059442604 -63.625204686770175 -5.373690090372835
77.57758135262814 -52.93010641250009 0.0
-127.42147137129042 64.90050704134184 -5.185651818340553
-128.3740909183677 -63.54674828653133 -5.486724037894181
-129.0129497232297 63.374431557841426 -5.266925569007996
127.19283834702927 64.78301863750632 -5.354076740607523
37.86001766354358 51.28395976770445 0.0
1.994790681657474 68.6372994809682 -5.320066766813992
127.73217182409394 64.42426692851367 -5.99110946196572
64.19020634231931 -5.136801607912228 0.0
39.35476158188118 21.10705035396515 0.0
-129.4048021251567 -63.5023787777776 -5.685703007642623
127.85435581773893 64.40410030165513 -5.892711515878588
94.85135517353999 -55.899983535054396 0.0
105.00215080391146 24.43729396379618 0.0
124.95680714313923 -23.764500809932198 0.0
128.44474059442604 -63.625204686770175 -5.373690090372835
77.58868181666367 -52.93201491347565 0.0
-127.42147137129042 64.90050704134184 -5.185651818340553
-128.3740909183677 -63.54674828653133 -5.486724037894181
-129.0129497232297 63.374431557841426 -5.266925569007996
127.19283834702927 64.78301863750632 -5.354076740607523
37.86001766354358 51.28395976770445 0.0
1.994790681657474 68.6372994809682 -5.320066766813992
127.73217182409394 64.42426692851367 -5.99110946196572
64.19020634231931 -5.136801607912228 0.0
39.35476158188118 21.10705035396515 0.0
-129.4048021251567 -63.5023787777776 -5.685703007642623
127.85435581773893 64.40410030165513 -5.892711515878588
96.45961595732712 -56.176491549943904 0.0
105.00215080391146 24.43729396379618 0.0
124.95680714313923 -23.764500809932198 0.0
128.44474059442604 -63.625204686770175 -5.373690090372835
77.5995734009996 -52.933887501798445 0.0
-127.42147137129042 64.90050704134184 -5.185651818340553
-128.3740909183677 -63.54674828653133 -5.486724037894181
-129.0129497232297 63.374431557841426 -5.266925569007996
127.19283834702927 64.78301863750632 -5.354076740607523
37.86001766354358 51.28395976770445 0.0
1.994790681657474 68.6372994809682 -5.320066766813992
127.73217182409394 64.42426692851367 -5.99110946196572
64.19020634231931 -5.136801607912228 0.0
39.35476158188118 21.10705035396515 0.0
-129.4048021251567 -63.5023787777776 -5.685703007642623
127.85435581773893 64.40410030165513 -5.892711515878588
98.0619087496973 -56.4519734890401 0.0
105.00215080391146 24.43729396379618 0.0
124.95680714313923 -23.764500809932198 0.0
128.44474059442604 -63.625204686770175 -5.373690090372835
77.61025610563594 -52.93572417746847 0.0
-127.42147137129042 64.90050704134184 -5.185651818340553
-128.3740909183677 -63.54674828653133 -5.486724037894181
-129.0129497232297 63.374431557841426 -5.266925569007996
127.19283834702927 64.78301863750632 -5.354076740607523
37.86001766354358 51.28395976770445 0.0
1.994790681657474 68.6372994809682 -5.320066766813992
127.73217182409394 64.42426692851367 -5.99110946196572
64.19020634231931 -5.136801607912228 0.0
39.35476158188118 21.10705035396515 0.0
-129.4048021251567 -63.5023787777776 -5.685703007642623
127.85435581773893 64.40410030165513 -5.892711515878588
99.65823355065052 -56.726429352342976 0.0
105.00215080391146 24.43729396379618 0.0
124.95680714313923 -23.764500809932198 0.0
128.44474059442604 -63.625204686770175 -5.373690090372835
77.6207299305727 -52.93752494048574 0.0
-127.42147137129042 64.90050704134184 -5.185651818340553
-128.3740909183677 -63.54674828653133 -5.486724037894181
-129.0129497232297 63.374431557841426 -5.266925569007996
127.19283834702927 64.78301863750632 -5.354076740607523
37.86001766354358 51.28395976770445 0.0
1.994790681657474 68.6372994809682 -5.320066766813992
127.73217182409394 64.42426692851367 -5.99110946196572
64.19020634231931 -5.136801607912228 0.0
39.35476158188118 21.10705035396515 0.0
-129.4048021251567 -63.5023787777776 -5.685703007642623
127.85435581773893 64.40410030165513 -5.892711515878588
101.2485903601868 -56.99985913985254 0.0
105.00215080391146 24.43729396379618 0.0
124.95680714313923 -23.764500809932198 0.0
128.44474059442604 -63.625204686770175 -5.373690090372835
77.63099487580985 -52.93928979085023 0.0
-127.42147137129042 64.90050704134184 -5.185651818340553
-128.3740909183677 -63.54674828653133 -5.486724037894181
-129.0129497232297 63.374431557841426 -5.266925569007996
127.19283834702927 64.78301863750632 -5.354076740607523
37.86001766354358 51.28395976770445 0.0
1.994790681657474 68.6372994809682 -5.320066766813992
127.73217182409394 64.42426692851367 -5.99110946196572
64.19020634231931 -5.136801607912228 0.0
39.35476158188118 21.10705035396515 0.0
-129.4048021251567 -63.5023787777776 -5.685703007642623
127.85435581773893 64.40410030165513 -5.892711515878588
102.83297917830612 -57.27226285156879 0.0
105.00215080391146 24.43729396379618 0.0
124.95680714313923 -23.764500809932198 0.0
128.44474059442604 -63.625204686770175 -5.373690090372835
77.64105094134742 -52.941018728561964 0.0
-127.42147137129042 64.90050704134184 -5.185651818340553
-128.3740909183677 -63.54674828653133 -5.486724037894181
-129.0129497232297 63.374431557841426 -5.266925569007996
127.19283834702927 64.78301863750632 -5.354076740607523
37.86001766354358 51.28395976770445 0.0
1.994790681657474 68.6372994809682 -5.320066766813992
127.73217182409394 64.42426692851367 -5.99110946196572
64.19020634231931 -5.136801607912228 0.0
39.35476158188118 21.10705035396515 0.0
-129.4048021251567 -63.5023787777776 -5.685703007642623
127.85435581773893 64.40410030165513 -5.892711515878588
104.41140000500849 -57.54364048749173 0.0
105.00215080391146 24.43729396379618 0.0
124.95680714313923 -23.764500809932198 0.0
128.44474059442604 -63.625204686770175 -5.373690090372835
77.65089812718539 -52.942711753620934 0.0
-127.42147137129042 64.90050704134184 -5.185651818340553
-128.3740909183677 -63.54674828653133 -5.486724037894181
-129.0129497232297 63.374431557841426 -5.266925569007996
127.19283834702927 64.78301863750632 -5.354076740607523
37.86001766354358 51.28395976770445 0.0
1.994790681657474 68.6372994809682 -5.320066766813992
127.73217182409394 64.42426692851367 -5.99110946196572
64.19020634231931 -5.136801607912228 0.0
39.35476158188118 21.10705035396515 0.0
-129.4048021251567 -63.5023787777776 -5.685703007642623
127.85435581773893 64.40410030165513 -5.892711515878588
105.9838528402939 -57.813992047621355 0.0
105.00215080391146 24.43729396379618 0.0
124.95680714313923 -23.764500809932198 0.0
128.44474059442604 -63.625204686770175 -5.373690090372835
77.66053643332376 -52.94436886602713 0.0
-127.42147137129042 64.90050704134184 -5.185651818340553
-128.3740909183677 -63.54674828653133 -5.486724037894181
-129.0129497232297 63.374431557841426 -5.266925569007996
127.19283834702927 64.78301863750632 -5.354076740607523
37.86001766354358 51.28395976770445 0.0
1.994790681657474 68.6372994809682 -5.320066766813992
127.73217182409394 64.42426692851367 -5.99110946196572
64.19020634231931 -5.136801607912228 0.0
39.35476158188118 21.10705035396515 0.0
-129.4048021251567 -63.5023787777776 -5.685703007642623
127.85435581773893 64.40410030165513 -5.892711515878588
107.55033768416239 -58.08331753195767 0.0
105.00215080391146 24.43729396379618 0.0
124.95680714313923 -23.764500809932198 0.0
128.44474059442604 -63.625204686770175 -5.373690090372835
77.66996585976254 -52.94599006578057 0.0
-127.42147137129042 64.90050704134184 -5.185651818340553
-128.3740909183677 -63.54674828653133 -5.486724037894181
-129.0129497232297 63.374431557841426 -5.266925569007996
127.19283834702927 64.78301863750632 -5.354076740607523
37.86001766354358 51.28395976770445 0.0
1.994790681657474 68.6372994809682 -5.320066766813992
127.73217182409394 64.42426692851367 -5.99110946196572
64.19020634231931 -5.136801607912228 0.0
39.35476158188118 21.10705035396515 0.0
-129.4048021251567 -63.5023787777776 -5.685703007642623
127.85435581773893 64.40410030165513 -5.892711515878588
109.11085453661391 -58.35161694050067 0.0
105.00215080391146 24.43729396379618 0.0
124.95680714313923 -23.764500809932198 0.0
128.44474059442604 -63.625204686770175 -5.373690090372835
77.67918640650173 -52.94757535288124 0.0
-127.42147137129042 64.90050704134184 -5.185651818340553
-128.3740909183677 -63.54674828653133 -5.486724037894181
-129.0129497232297 63.374431557841426 -5.266925569007996
127.19283834702927 64.78301863750632 -5.354076740607523
37.86001766354358 51.28395976770445 0.0
1.994790681657474 68.6372994809682 -5.320066766813992
127.73217182409394 64.42426692851367 -5.99110946196572
64.19020634231931 -5.136801607912228 0.0
39.35476158188118 21.10705035396515 0.0
-129.4048021251567 -63.5023787777776 -5.685703007642623
127.85435581773893 64.40410030165513 -5.892711515878588
110.66540339764849 -58.61889027325036 0.0
105.00215080391146 24.43729396379618 0.0
124.95680714313923 -23.764500809932198 0.0
128.44474059442604 -63.625204686770175 -5.373690090372835
77.68819807354133 -52.94912472732914 0.0
-127.42147137129042 64.90050704134184 -5.185651818340553
-128.3740909183677 -63.54674828653133 -5.486724037894181
-129.0129497232297 63.374431557841426 -5.266925569007996
127.19283834702927 64.78301863750632 -5.354076740607523
37.86001766354358 51.28395976770445 0.0
1.994790681657474 68.6372994809682 -5.320066766813992
127.73217182409394 64.42426692851367 -5.99110946196572
64.19020634231931 -5.136801607912228 0.0
39.35476158188118 21.10705035396515 0.0
-129.4048021251567 -63.5023787777776 -5.685703007642623
127.85435581773893 64.40410030165513 -5.892711515878588
112.21398426726611 -58.885137530206734 0.0
105.00215080391146 24.43729396379618 0.0
124.95680714313923 -23.764500809932198 0.0
128.44474059442604 -63.625204686770175 -5.373690090372835
77.69700086088133 -52.95063818912428 0.0
-127.42147137129042 64.90050704134184 -5.185651818340553
-128.3740909183677 -63.54674828653133 -5.486724037894181
-129.0129497232297 63.374431557841426 -5.266925569007996
127.19283834702927 64.78301863750632 -5.354076740607523
37.86001766354358 51.28395976770445 0.0
1.994790681657474 68.6372994809682 -5.320066766813992
127.73217182409394 64.42426692851367 -5.99110946196572
64.19020634231931 -5.136801607912228 0.0
39.35476158188118 21.10705035396515 0.0
-129.4048021251567 -63.5023787777776 -5.685703007642623
127.85435581773893 64.40410030165513 -5.892711515878588
113.75659714546678 -59.1503587113698 0.0
105.00215080391146 24.43729396379618 0.0
124.95680714313923 -23.764500809932198 0.0
128.44474059442604 -63.625204686770175 -5.373690090372835
77.70559476852173 -52.95211573826665 0.0
-127.42147137129042 64.90050704134184 -5.185651818340553
-128.3740909183677 -63.54674828653133 -5.486724037894181
-129.0129497232297 63.374431557841426 -5.266925569007996
127.19283834702927 64.78301863750632 -5.354076740607523
37.86001766354358 51.28395976770445 0.0
1.994790681657474 68.6372994809682 -5.320066766813992
127.73217182409394 64.42426692851367 -5.99110946196572
64.19020634231931 -5.136801607912228 0.0
39.35476158188118 21.10705035396515 0.0
-129.4048021251567 -63.5023787777776 -5.685703007642623
127.85435581773893 64.40410030165513 -5.892711515878588
115.2932420322505 -59.41455381673955 0.0
105.00215080391146 24.43729396379618 0.0
124.95680714313923 -23.764500809932198 0.0
128.44474059442604 -63.625204686770175 -5.373690090372835
77.71397979646255 -52.95355737475625 0.0
-127.42147137129042 64.90050704134184 -5.185651818340553
-128.3740909183677 -63.54674828653133 -5.486724037894181
-129.0129497232297 63.374431557841426 -5.266925569007996
127.19283834702927 64.78301863750632 -5.354076740607523
37.86001766354358 51.28395976770445 0.0
1.994790681657474 68.6372994809682 -5.320066766813992
127.73217182409394 64.42426692851367 -5.99110946196572
64.19020634231931 -5.136801607912228 0.0
39.35476158188118 21.10705035396515 0.0
-129.4048021251567 -63.5023787777776 -5.685703007642623
127.85435581773893 64.40410030165513 -5.892711515878588
116.82391892761727 -59.67772284631599 0.0
105.00215080391146 24.43729396379618 0.0
124.95680714313923 -23.764500809932198 0.0
128.44474059442604 -63.625204686770175 -5.373690090372835
77.72215594470377 -52.95496309859309 0.0
-127.42147137129042 64.90050704134184 -5.185651818340553
-128.3740909183677 -63.54674828653133 -5.486724037894181
-129.0129497232297 63.374431557841426 -5.266925569007996
127.19283834702927 64.78301863750632 -5.354076740607523
37.86001766354358 51.28395976770445 0.0
1.994790681657474 68.6372994809682 -5.320066766813992
127.73217182409394 64.42426692851367 -5.99110946196572
64.19020634231931 -5.136801607912228 0.0
39.35476158188118 21.10705035396515 0.0
-129.4048021251567 -63.5023787777776 -5.685703007642623
127.85435581773893 64.40410030165513 -5.892711515878588
118.34862783156709 -59.93986580009911 0.0
105.00215080391146 24.43729396379618 0.0
124.95680714313923 -23.764500809932198 0.0
128.44474059442604 -63.625204686770175 -5.373690090372835
77.7301232132454 -52.95633290977716 0.0
-127.42147137129042 64.90050704134184 -5.185651818340553
-128.3740909183677 -63.54674828653133 -5.486724037894181
-129.0129497232297 63.374431557841426 -5.266925569007996
127.19283834702927 64.78301863750632 -5.354076740607523
37.86001766354358 51.28395976770445 0.0
1.994790681657474 68.6372994809682 -5.320066766813992
127.73217182409394 64.42426692851367 -5.99110946196572
64.19020634231931 -5.136801607912228 0.0
39.35476158188118 21.10705035396515 0.0
-129.4048021251567 -63.5023787777776 -5.685703007642623
127.85435581773893 64.40410030165513 -5.892711515878588
119.86736874409995 -60.20098267808892 0.0
105.00215080391146 24.43729396379618 0.0
124.95680714313923 -23.764500809932198 0.0
128.44474059442604 -63.625204686770175 -5.373690090372835
77.73788160208744 -52.95766680830847 0.0
-127.42147137129042 64.90050704134184 -5.185651818340553
-128.3740909183677 -63.54674828653133 -5.486724037894181
-129.0129497232297 63.374431557841426 -5.266925569007996
127.19283834702927 64.78301863750632 -5.354076740607523
37.86001766354358 51.28395976770445 0.0
1.994790681657474 68.6372994809682 -5.320066766813992
127.73217182409394 64.42426692851367 -5.99110946196572
64.19020634231931 -5.136801607912228 0.0
39.35476158188118 21.10705035396515 0.0
-129.4048021251567 -63.5023787777776 -5.685703007642623
127.85435581773893 64.40410030165513 -5.892711515878588
121.38014166521587 -60.461073480285414 0.0
105.00215080391146 24.43729396379618 0.0
124.95680714313923 -23.764500809932198 0.0
128.44474059442604 -63.625204686770175 -5.373690090372835
77.74543111122988 -52.95896479418701 0.0
-127.42147137129042 64.90050704134184 -5.185651818340553
-128.3740909183677 -63.54674828653133 -5.486724037894181
-129.0129497232297 63.374431557841426 -5.266925569007996
127.19283834702927 64.78301863750632 -5.354076740607523
37.86001766354358 51.28395976770445 0.0
1.994790681657474 68.6372994809682 -5.320066766813992
127.73217182409394 64.42426692851367 -5.99110946196572
64.19020634231931 -5.136801607912228 0.0
39.35476158188118 21.10705035396515 0.0
-129.4048021251567 -63.5023787777776 -5.685703007642623
127.85435581773893 64.40410030165513 -5.892711515878588
122.88694659491485 -60.720138206688596 0.0
105.00215080391146 24.43729396379618 0.0
124.95680714313923 -23.764500809932198 0.0
128.44474059442604 -63.625204686770175 -5.373690090372835
77.75277174067273 -52.960226867412786 0.0
-127.42147137129042 64.90050704134184 -5.185651818340553
-128.3740909183677 -63.54674828653133 -5.486724037894181
-129.0129497232297 63.374431557841426 -5.266925569007996
127.19283834702927 64.78301863750632 -5.354076740607523
37.86001766354358 51.28395976770445 0.0
1.994790681657474 68.6372994809682 -5.320066766813992
127.73217182409394 64.42426692851367 -5.99110946196572
64.19020634231931 -5.136801607912228 0.0
39.35476158188118 21.10705035396515 0.0
-129.4048021251567 -63.5023787777776 -5.685703007642623
127.85435581773893 64.40410030165513 -5.892711515878588
124.38778353319687 -60.978176857298465 0.0
105.00215080391146 24.43729396379618 0.0
124.95680714313923 -23.764500809932198 0.0
128.44474059442604 -63.625204686770175 -5.373690090372835
77.75990349041598 -52.9614530279858 0.0
-127.42147137129042 64.90050704134184 -5.185651818340553
-128.3740909183677 -63.54674828653133 -5.486724037894181
-129.0129497232297 63.374431557841426 -5.266925569007996
127.19283834702927 64.78301863750632 -5.354076740607523
37.86001766354358 51.28395976770445 0.0
1.994790681657474 68.6372994809682 -5.320066766813992
127.73217182409394 64.42426692851367 -5.99110946196572
64.19020634231931 -5.136801607912228 0.0
39.35476158188118 21.10705035396515 0.0
-129.4048021251567 -63.5023787777776 -5.685703007642623
127.85435581773893 64.40410030165513 -5.892711515878588
125.88265248006194 -61.23518943211502 0.0
105.00215080391146 24.43729396379618 0.0
124.95680714313923 -23.764500809932198 0.0
128.44474059442604 -63.625204686770175 -5.373690090372835
77.76682636045965 -52.96264327590604 0.0
-127.42147137129042 64.90050704134184 -5.185651818340553
-128.3740909183677 -63.54674828653133 -5.486724037894181
-129.0129497232297 63.374431557841426 -5.266925569007996
127.19283834702927 64.78301863750632 -5.354076740607523
37.86001766354358 51.28395976770445 0.0
1.994790681657474 68.6372994809682 -5.320066766813992
127.73217182409394 64.42426692851367 -5.99110946196572
64.19020634231931 -5.136801607912228 0.0
39.35476158188118 21.10705035396515 0.0
-129.4048021251567 -63.5023787777776 -5.685703007642623
127.85435581773893 64.40410030165513 -5.892711515878588
127.37155343551005 -61.491175931138265 0.0
105.00215080391146 24.43729396379618 0.0
124.95680714313923 -23.764500809932198 0.0
128.44474059442604 -63.625204686770175 -5.373690090372835
77.77354035080371 -52.96379761117352 0.0
-127.42147137129042 64.90050704134184 -5.185651818340553
-128.3740909183677 -63.54674828653133 -5.486724037894181
-129.0129497232297 63.374431557841426 -5.266925569007996
127.19283834702927 64.78301863750632 -5.354076740607523
37.86001766354358 51.28395976770445 0.0
1.994790681657474 68.6372994809682 -5.320066766813992
127.73217182409394 64.42426692851367 -5.99110946196572
64.19020634231931 -5.136801607912228 0.0
39.35476158188118 21.10705035396515 0.0
-129.4048021251567 -63.5023787777776 -5.685703007642623
127.85435581773893 64.40410030165513 -5.892711515878588
128.15265573541313 -62.71643405051869 -0.410893141794941
105.00215080391146 24.43729396379618 0.0
124.95680714313923 -23.764500809932198 0.0
128.44474059442604 -63.625204686770175 -5.373690090372835
77.7800454614482 -52.96491603378823 0.0
-127.42147137129042 64.90050704134184 -5.185651818340553
-128.3740909183677 -63.54674828653133 -5.486724037894181
-129.0129497232297 63.374431557841426 -5.266925569007996
127.19283834702927 64.78301863750632 -5.354076740607523
37.86001766354358 51.28395976770445 0.0
1.994790681657474 68.6372994809682 -5.320066766813992
127.73217182409394 64.42426692851367 -5.99110946196572
64.19020634231931 -5.136801607912228 0.0
39.35476158188118 21.10705035396515 0.0
-129.4048021251567 -63.5023787777776 -5.685703007642623
127.85435581773893 64.40410030165513 -5.892711515878588
128.76428500305977 -63.675852203976625 -1.4222493113659302
105.00215080391146 24.43729396379618 0.0
124.95680714313923 -23.764500809932198 0.0
128.44474059442604 -63.625204686770175 -5.373690090372835
77.78634169239308 -52.965998543750175 0.0
-127.42147137129042 64.90050704134184 -5.185651818340553
-128.3740909183677 -63.54674828653133 -5.486724037894181
-129.0129497232297 63.374431557841426 -5.266925569007996
127.19283834702927 64.78301863750632 -5.354076740607523
37.86001766354358 51.28395976770445 0.0
1.994790681657474 68.6372994809682 -5.320066766813992
127.73217182409394 64.42426692851367 -5.99110946196572
64.19020634231931 -5.136801607912228 0.0
39.35476158188118 21.10705035396515 0.0
-129.4048021251567 -63.5023787777776 -5.685703007642623
127.85435581773893 64.40410030165513 -5.892711515878588
128.76428500305977 -63.675852203976625 -2.9589986928691996
105.00215080391146 24.43729396379618 0.0
124.95680714313923 -23.764500809932198 0.0
128.44474059442604 -63.625204686770175 -5.373690090372835
77.79242904363836 -52.96704514105935 0.0
-127.42147137129042 64.90050704134184 -5.185651818340553
-128.3740909183677 -63.54674828653133 -5.486724037894181
-129.0129497232297 63.374431557841426 -5.266925569007996
127.19283834702927 64.78301863750632 -5.354076740607523
37.86001766354358 51.28395976770445 0.0
1.994790681657474 68.6372994809682 -5.320066766813992
127.73217182409394 64.42426692851367 -5.99110946196572
64.19020634231931 -5.136801607912228 0.0
39.35476158188118 21.10705035396515 0.0
-129.4048021251567 -63.5023787777776 -5.685703007642623
127.85435581773893 64.40410030165513 -5.892711515878588
128.76428500305977 -63.675852203976625 -4.52019986700293
105.00215080391146 24.43729396379618 0.0
124.95680714313923 -23.764500809932198 0.0
128.44474059442604 -63.625204686770175 -5.373690090372835
77.79830751518406 -52.968055825715766 0.0
-127.42147137129042 64.90050704134184 -5.185651818340553
-128.3740909183677 -63.54674828653133 -5.486724037894181
-129.0129497232297 63.374431557841426 -5.266925569007996
127.19283834702927 64.78301863750632 -5.354076740607523
37.86001766354358 51.28395976770445 0.0
1.994790681657474 68.6372994809682 -5.320066766813992
127.73217182409394 64.42426692851367 -5.99110946196572
64.19020634231931 -5.136801607912228 0.0
39.35476158188118 21.10705035396515 0.0
-129.4048021251567 -63.5023787777776 -5.685703007642623
127.85435581773893 64.40410030165513 -5.892711515878588
128.76428500305977 -63.675852203976625 -6.1058420942904
105.00215080391146 24.43729396379618 0.0
124.95680714313923 -23.764500809932198 0.0
128.44474059442604 -63.625204686770175 -5.373690090372835
77.80397710703016 -52.96903059771941 0.0
-127.42147137129042 64.90050704134184 -5.185651818340553
-128.3740909183677 -63.54674828653133 -5.486724037894181
-129.0129497232297 63.374431557841426 -5.266925569007996
127.19283834702927 64.78301863750632 -5.354076740607523
37.86001766354358 51.28395976770445 0.0
1.994790681657474 68.6372994809682 -5.320066766813992
127.73217182409394 64.42426692851367 -5.99110946196572
64.19020634231931 -5.136801607912228 0.0
39.35476158188118 21.10705035396515 0.0
-129.4048021251567 -63.5023787777776 -5.685703007642623
127.85435581773893 64.40410030165513 -5.892711515878588
128.76428500305977 -63.675852203976625 -6.1058420942904
105.00215080391146 24.43729396379618 0.0
124.95680714313923 -23.764500809932198 0.0
128.44474059442604 -63.625204686770175 -5.373690090372835
77.80943781917668 -52.96996945707029 0.0
-127.42147137129042 64.90050704134184 -5.185651818340553
-128.3740909183677 -63.54674828653133 -5.486724037894181
-129.0129497232297 63.374431557841426 -5.266925569007996
127.19283834702927 64.78301863750632 -5.354076740607523
37.86001766354358 51.28395976770445 0.0
1.994790681657474 68.6372994809682 -5.320066766813992
127.73217182409394 64.42426692851367 -5.99110946196572
64.19020634231931 -5.136801607912228 0.0
39.35476158188118 21.10705035396515 0.0
-129.4048021251567 -63.5023787777776 -5.685703007642623
127.85435581773893 64.40410030165513 -5.892711515878588
128.76428500305977 -63.675852203976625 -6.1058420942904
105.00215080391146 24.43729396379618 0.0
124.95680714313923 -23.764500809932198 0.0
128.44474059442604 -63.625204686770175 -5.373690090372835
77.8146896516236 -52.97087240376841 0.0
-127.42147137129042 64.90050704134184 -5.185651818340553
-128.3740909183677 -63.54674828653133 -5.486724037894181
-129.0129497232297 63.374431557841426 -5.266925569007996
127.19283834702927 64.78301863750632 -5.354076740607523
37.86001766354358 51.28395976770445 0.0
1.994790681657474 68.6372994809682 -5.320066766813992
127.73217182409394 64.42426692851367 -5.99110946196572
64.19020634231931 -5.136801607912228 0.0
39.35476158188118 21.10705035396515 0.0
-129.4048021251567 -63.5023787777776 -5.685703007642623
127.85435581773893 64.40410030165513 -5.892711515878588
128.76428500305977 -63.675852203976625 -6.1058420942904
105.00215080391146 24.43729396379618 0.0
124.95680714313923 -23.764500809932198 0.0
128.44474059442604 -63.625204686770175 -5.373690090372835
77.81973260437091 -52.97173943781376 0.0
-127.42147137129042 64.90050704134184 -5.185651818340553
-128.3740909183677 -63.54674828653133 -5.486724037894181
-129.0129497232297 63.374431557841426 -5.266925569007996
127.19283834702927 64.78301863750632 -5.354076740607523
37.86001766354358 51.28395976770445 0.0
1.994790681657474 68.6372994809682 -5.320066766813992
127.73217182409394 64.42426692851367 -5.99110946196572
64.19020634231931 -5.136801607912228 0.0
39.35476158188118 21.10705035396515 0.0
-129.4048021251567 -63.5023787777776 -5.685703007642623
127.85435581773893 64.40410030165513 -5.892711515878588
128.76428500305977 -63.675852203976625 -6.1058420942904
105.00215080391146 24.43729396379618 0.0
124.95680714313923 -23.764500809932198 0.0
128.44474059442604 -63.625204686770175 -5.373690090372835
77.82456667741864 -52.972570559206346 0.0
-127.42147137129042 64.90050704134184 -5.185651818340553
-128.3740909183677 -63.54674828653133 -5.486724037894181
-129.0129497232297 63.374431557841426 -5.266925569007996
127.19283834702927 64.78301863750632 -5.354076740607523
37.86001766354358 51.28395976770445 0.0
1.994790681657474 68.6372994809682 -5.320066766813992
127.73217182409394 64.42426692851367 -5.99110946196572
64.19020634231931 -5.136801607912228 0.0
39.35476158188118 21.10705035396515 0.0
-129.4048021251567 -63.5023787777776 -5.685703007642623
127.85435581773893 64.40410030165513 -5.892711515878588
128.76428500305977 -63.675852203976625 -6.1058420942904
105.00215080391146 24.43729396379618 0.0
124.95680714313923 -23.764500809932198 0.0
128.44474059442604 -63.625204686770175 -5.373690090372835
77.82919187076678 -52.97336576794616 0.0
-127.42147137129042 64.90050704134184 -5.185651818340553
-128.3740909183677 -63.54674828653133 -5.486724037894181
-129.0129497232297 63.374431557841426 -5.266925569007996
127.19283834702927 64.78301863750632 -5.354076740607523
37.86001766354358 51.28395976770445 0.0
1.994790681657474 68.6372994809682 -5.320066766813992
127.73217182409394 64.42426692851367 -5.99110946196572
64.19020634231931 -5.136801607912228 0.0
39.35476158188118 21.10705035396515 0.0
-129.4048021251567 -63.5023787777776 -5.685703007642623
127.85435581773893 64.40410030165513 -5.892711515878588
128.76428500305977 -63.675852203976625 -6.1058420942904
105.00215080391146 24.43729396379618 0.0
124.95680714313923 -23.764500809932198 0.0
128.44474059442604 -63.625204686770175 -5.373690090372835
77.83360818441533 -52.97412506403322 0.0
-127.42147137129042 64.90050704134184 -5.185651818340553
-128.3740909183677 -63.54674828653133 -5.486724037894181
-129.0129497232297 63.374431557841426 -5.266925569007996
127.19283834702927 64.78301863750632 -5.354076740607523
37.86001766354358 51.28395976770445 0.0
1.994790681657474 68.6372994809682 -5.320066766813992
127.73217182409394 64.42426692851367 -5.99110946196572
64.19020634231931 -5.136801607912228 0.0
39.35476158188118 21.10705035396515 0.0
-129.4048021251567 -63.5023787777776 -5.685703007642623
127.85435581773893 64.40410030165513 -5.892711515878588
128.76428500305977 -63.675852203976625 -6.1058420942904
105.00215080391146 24.43729396379618 0.0
124.95680714313923 -23.764500809932198 0.0
128.44474059442604 -63.625204686770175 -5.373690090372835
77.83781561836427 -52.9748484474675 0.0
-127.42147137129042 64.90050704134184 -5.185651818340553
-128.3740909183677 -63.54674828653133 -5.486724037894181
-129.0129497232297 63.374431557841426 -5.266925569007996
127.19283834702927 64.78301863750632 -5.354076740607523
37.86001766354358 51.28395976770445 0.0
1.994790681657474 68.6372994809682 -5.320066766813992
127.73217182409394 64.42426692851367 -5.99110946196572
64.19020634231931 -5.136801607912228 0.0
39.35476158188118 21.10705035396515 0.0
-129.4048021251567 -63.5023787777776 -5.685703007642623
127.85435581773893 64.40410030165513 -5.892711515878588
128.76428500305977 -63.675852203976625 -6.1058420942904
105.00215080391146 24.43729396379618 0.0
124.95680714313923 -23.764500809932198 0.0
128.44474059442604 -63.625204686770175 -5.373690090372835
77.84181417261364 -52.97553591824902 0.0
-127.42147137129042 64.90050704134184 -5.185651818340553
-128.3740909183677 -63.54674828653133 -5.486724037894181
-129.0129497232297 63.374431557841426 -5.266925569007996
127.19283834702927 64.78301863750632 -5.354076740607523
37.86001766354358 51.28395976770445 0.0
1.994790681657474 68.6372994809682 -5.320066766813992
127.73217182409394 64.42426692851367 -5.99110946196572
64.19020634231931 -5.136801607912228 0.0
39.35476158188118 21.10705035396515 0.0
-129.4048021251567 -63.5023787777776 -5.685703007642623
127.85435581773893 64.40410030165513 -5.892711515878588
128.76428500305977 -63.675852203976625 -6.1058420942904
105.00215080391146 24.43729396379618 0.0
124.95680714313923 -23.764500809932198 0.0
128.44474059442604 -63.625204686770175 -5.373690090372835
77.8456038471634 -52.976187476377774 0.0
-127.42147137129042 64.90050704134184 -5.185651818340553
-128.3740909183677 -63.54674828653133 -5.486724037894181
-129.0129497232297 63.374431557841426 -5.266925569007996
127.19283834702927 64.78301863750632 -5.354076740607523
37.86001766354358 51.28395976770445 0.0
1.994790681657474 68.6372994809682 -5.320066766813992
127.73217182409394 64.42426692851367 -5.99110946196572
64.19020634231931 -5.136801607912228 0.0
39.35476158188118 21.10705035396515 0.0
-129.4048021251567 -63.5023787777776 -5.685703007642623
127.85435581773893 64.40410030165513 -5.892711515878588
128.76428500305977 -63.675852203976625 -6.1058420942904
105.00215080391146 24.43729396379618 0.0
124.95680714313923 -23.764500809932198 0.0
128.44474059442604 -63.625204686770175 -5.373690090372835
77.84918464201357 -52.97680312185376 0.0
-127.42147137129042 64.90050704134184 -5.185651818340553
-128.3740909183677 -63.54674828653133 -5.486724037894181
-129.0129497232297 63.374431557841426 -5.266925569007996
127.19283834702927 64.78301863750632 -5.354076740607523
37.86001766354358 51.28395976770445 0.0
1.994790681657474 68.6372994809682 -5.320066766813992
127.73217182409394 64.42426692851367 -5.99110946196572
64.19020634231931 -5.136801607912228 0.0
39.35476158188118 21.10705035396515 0.0
-129.4048021251567 -63.5023787777776 -5.685703007642623
127.85435581773893 64.40410030165513 -5.892711515878588
128.76428500305977 -63.675852203976625 -6.1058420942904
105.00215080391146 24.43729396379618 0.0
124.95680714313923 -23.764500809932198 0.0
128.44474059442604 -63.625204686770175 -5.373690090372835
77.85255655716415 -52.97738285467698 0.0
-127.42147137129042 64.90050704134184 -5.185651818340553
-128.3740909183677 -63.54674828653133 -5.486724037894181
-129.0129497232297 63.374431557841426 -5.266925569007996
127.19283834702927 64.78301863750632 -5.354076740607523
37.86001766354358 51.28395976770445 0.0
1.994790681657474 68.6372994809682 -5.320066766813992
127.73217182409394 64.42426692851367 -5.99110946196572
64.19020634231931 -5.136801607912228 0.0
39.35476158188118 21.10705035396515 0.0
-129.4048021251567 -63.5023787777776 -5.685703007642623
127.85435581773893 64.40410030165513 -5.892711515878588
128.76428500305977 -63.675852203976625 -6.1058420942904
105.00215080391146 24.43729396379618 0.0
124.95680714313923 -23.764500809932198 0.0
128.44474059442604 -63.625204686770175 -5.373690090372835
77.85571959261513 -52.97792667484744 0.0
-127.42147137129042 64.90050704134184 -5.185651818340553
-128.3740909183677 -63.54674828653133 -5.486724037894181
-129.0129497232297 63.374431557841426 -5.266925569007996
127.19283834702927 64.78301863750632 -5.354076740607523
37.86001766354358 51.28395976770445 0.0
1.994790681657474 68.6372994809682 -5.320066766813992
127.73217182409394 64.42426692851367 -5.99110946196572
64.19020634231931 -5.136801607912228 0.0
39.35476158188118 21.10705035396515 0.0
-129.4048021251567 -63.5023787777776 -5.685703007642623
127.85435581773893 64.40410030165513 -5.892711515878588
128.76428500305977 -63.675852203976625 -6.1058420942904
105.00215080391146 24.43729396379618 0.0
124.95680714313923 -23.764500809932198 0.0
128.44474059442604 -63.625204686770175 -5.373690090372835
77.85867374836653 -52.978434582365125 0.0
-127.42147137129042 64.90050704134184 -5.185651818340553
-128.3740909183677 -63.54674828653133 -5.486724037894181
-129.0129497232297 63.374431557841426 -5.266925569007996
127.19283834702927 64.78301863750632 -5.354076740607523
37.86001766354358 51.28395976770445 0.0
1.994790681657474 68.6372994809682 -5.320066766813992
127.73217182409394 64.42426692851367 -5.99110946196572
64.19020634231931 -5.136801607912228 0.0
39.35476158188118 21.10705035396515 0.0
-129.4048021251567 -63.5023787777776 -5.685703007642623
127.85435581773893 64.40410030165513 -5.892711515878588
128.76428500305977 -63.675852203976625 -6.1058420942904
105.00215080391146 24.43729396379618 0.0
124.95680714313923 -23.764500809932198 0.0
128.44474059442604 -63.625204686770175 -5.373690090372835
77.86141902441832 -52.97890657723005 0.0
-127.42147137129042 64.90050704134184 -5.185651818340553
-128.3740909183677 -63.54674828653133 -5.486724037894181
-129.0129497232297 63.374431557841426 -5.266925569007996
127.19283834702927 64.78301863750632 -5.354076740607523
37.86001766354358 51.28395976770445 0.0
1.994790681657474 68.6372994809682 -5.320066766813992
127.73217182409394 64.42426692851367 -5.99110946196572
64.19020634231931 -5.136801607912228 0.0
39.35476158188118 21.10705035396515 0.0
-129.4048021251567 -63.5023787777776 -5.685703007642623
127.85435581773893 64.40410030165513 -5.892711515878588
128.76428500305977 -63.675852203976625 -6.1058420942904
105.00215080391146 24.43729396379618 0.0
124.95680714313923 -23.764500809932198 0.0
128.44474059442604 -63.625204686770175 -5.373690090372835
77.86395542077052 -52.97934265944221 0.0
-127.42147137129042 64.90050704134184 -5.185651818340553
-128.3740909183677 -63.54674828653133 -5.486724037894181
-129.0129497232297 63.374431557841426 -5.266925569007996
127.19283834702927 64.78301863750632 -5.354076740607523
37.86001766354358 51.28395976770445 0.0
1.994790681657474 68.6372994809682 -5.320066766813992
127.73217182409394 64.42426692851367 -5.99110946196572
64.19020634231931 -5.136801607912228 0.0
39.35476158188118 21.10705035396515 0.0
-129.4048021251567 -63.5023787777776 -5.685703007642623
127.85435581773893 64.40410030165513 -5.892711515878588
128.76428500305977 -63.675852203976625 -6.1058420942904
105.00215080391146 24.43729396379618 0.0
124.95680714313923 -23.764500809932198 0.0
128.44474059442604 -63.625204686770175 -5.373690090372835
77.86628293742314 -52.9797428290016 0.0
-127.42147137129042 64.90050704134184 -5.185651818340553
-128.3740909183677 -63.54674828653133 -5.486724037894181
-129.0129497232297 63.374431557841426 -5.266925569007996
127.19283834702927 64.78301863750632 -5.354076740607523
37.86001766354358 51.28395976770445 0.0
1.994790681657474 68.6372994809682 -5.320066766813992
127.73217182409394 64.42426692851367 -5.99110946196572
64.19020634231931 -5.136801607912228 0.0
39.35476158188118 21.10705035396515 0.0
-129.4048021251567 -63.5023787777776 -5.685703007642623
127.85435581773893 64.40410030165513 -5.892711515878588
128.76428500305977 -63.675852203976625 -6.1058420942904
105.00215080391146 24.43729396379618 0.0
124.95680714313923 -23.764500809932198 0.0
128.44474059442604 -63.625204686770175 -5.373690090372835
77.86840157437615 -52.98010708590823 0.0
-127.42147137129042 64.90050704134184 -5.185651818340553
-128.3740909183677 -63.54674828653133 -5.486724037894181
-129.0129497232297 63.374431557841426 -5.266925569007996
127.19283834702927 64.78301863750632 -5.354076740607523
37.86001766354358 51.28395976770445 0.0
1.994790681657474 68.6372994809682 -5.320066766813992
127.73217182409394 64.42426692851367 -5.99110946196572
64.19020634231931 -5.136801607912228 0.0
39.35476158188118 21.10705035396515 0.0
-129.4048021251567 -63.5023787777776 -5.685703007642623
127.85435581773893 64.40410030165513 -5.892711515878588
128.76428500305977 -63.675852203976625 -6.1058420942904
105.00215080391146 24.43729396379618 0.0
124.95680714313923 -23.764500809932198 0.0
128.44474059442604 -63.625204686770175 -5.373690090372835
77.87031133162958 -52.98043543016209 0.0
-127.42147137129042 64.90050704134184 -5.185651818340553
-128.3740909183677 -63.54674828653133 -5.486724037894181
-129.0129497232297 63.374431557841426 -5.266925569007996
127.19283834702927 64.78301863750632 -5.354076740607523
37.86001766354358 51.28395976770445 0.0
1.994790681657474 68.6372994809682 -5.320066766813992
127.73217182409394 64.42426692851367 -5.99110946196572
64.19020634231931 -5.136801607912228 0.0
39.35476158188118 21.10705035396515 0.0
-129.4048021251567 -63.5023787777776 -5.685703007642623
127.85435581773893 64.40410030165513 -5.892711515878588
128.76428500305977 -63.675852203976625 -6.1058420942904
105.00215080391146 24.43729396379618 0.0
124.95680714313923 -23.764500809932198 0.0
128.44474059442604 -63.625204686770175 -5.373690090372835
77.87201220918341 -52.980727861763185 0.0
-127.42147137129042 64.90050704134184 -5.185651818340553
-128.3740909183677 -63.54674828653133 -5.486724037894181
-129.0129497232297 63.374431557841426 -5.266925569007996
127.19283834702927 64.78301863750632 -5.354076740607523
37.86001766354358 51.28395976770445 0.0
1.994790681657474 68.6372994809682 -5.320066766813992
127.73217182409394 64.42426692851367 -5.99110946196572
64.19020634231931 -5.136801607912228 0.0
39.35476158188118 21.10705035396515 0.0
-129.4048021251567 -63.5023787777776 -5.685703007642623
127.85435581773893 64.40410030165513 -5.892711515878588
128.76428500305977 -63.675852203976625 -6.1058420942904
105.00215080391146 24.43729396379618 0.0
124.95680714313923 -23.764500809932198 0.0
128.44474059442604 -63.625204686770175 -5.373690090372835
77.87350420703764 -52.98098438071151 0.0
-127.42147137129042 64.90050704134184 -5.185651818340553
-128.3740909183677 -63.54674828653133 -5.486724037894181
-129.0129497232297 63.374431557841426 -5.266925569007996
127.19283834702927 64.78301863750632 -5.354076740607523
37.86001766354358 51.28395976770445 0.0
1.994790681657474 68.6372994809682 -5.320066766813992
127.73217182409394 64.42426692851367 -5.99110946196572
64.19020634231931 -5.136801607912228 0.0
39.35476158188118 21.10705035396515 0.0
-129.4048021251567 -63.5023787777776 -5.685703007642623
127.85435581773893 64.40410030165513 -5.892711515878588
128.76428500305977 -63.675852203976625 -6.1058420942904
105.00215080391146 24.43729396379618 0.0
124.95680714313923 -23.764500809932198 0.0
128.44474059442604 -63.625204686770175 -5.373690090372835
77.87478732519229 -52.981204987007075 0.0
-127.42147137129042 64.90050704134184 -5.185651818340553
-128.3740909183677 -63.54674828653133 -5.486724037894181
-129.0129497232297 63.374431557841426 -5.266925569007996
127.19283834702927 64.78301863750632 -5.354076740607523
37.86001766354358 51.28395976770445 0.0
1.994790681657474 68.6372994809682 -5.320066766813992
127.73217182409394 64.42426692851367 -5.99110946196572
64.19020634231931 -5.136801607912228 0.0
39.35476158188118 21.10705035396515 0.0
-129.4048021251567 -63.5023787777776 -5.685703007642623
127.85435581773893 64.40410030165513 -5.892711515878588
128.76428500305977 -63.675852203976625 -6.1058420942904
105.00215080391146 24.43729396379618 0.0
124.95680714313923 -23.764500809932198 0.0
128.44474059442604 -63.625204686770175 -5.373690090372835
77.87586156364733 -52.98138968064987 0.0
-127.42147137129042 64.90050704134184 -5.185651818340553
-128.3740909183677 -63.54674828653133 -5.486724037894181
-129.0129497232297 63.374431557841426 -5.266925569007996
127.19283834702927 64.78301863750632 -5.354076740607523
37.86001766354358 51.28395976770445 0.0
1.994790681657474 68.6372994809682 -5.320066766813992
127.73217182409394 64.42426692851367 -5.99110946196572
64.19020634231931 -5.136801607912228 0.0
39.35476158188118 21.10705035396515 0.0
-129.4048021251567 -63.5023787777776 -5.685703007642623
127.85435581773893 64.40410030165513 -5.892711515878588
128.76428500305977 -63.675852203976625 -6.1058420942904
105.00215080391146 24.43729396379618 0.0
124.95680714313923 -23.764500809932198 0.0
128.44474059442604 -63.625204686770175 -5.373690090372835
77.8767269224028 -52.9815384616399 0.0
-127.42147137129042 64.90050704134184 -5.185651818340553
-128.3740909183677 -63.54674828653133 -5.486724037894181
-129.0129497232297 63.374431557841426 -5.266925569007996
127.19283834702927 64.78301863750632 -5.354076740607523
37.86001766354358 51.28395976770445 0.0
1.994790681657474 68.6372994809682 -5.320066766813992
127.73217182409394 64.42426692851367 -5.99110946196572
64.19020634231931 -5.136801607912228 0.0
39.35476158188118 21.10705035396515 0.0
-129.4048021251567 -63.5023787777776 -5.685703007642623
127.85435581773893 64.40410030165513 -5.892711515878588
128.76428500305977 -63.675852203976625 -6.1058420942904
105.00215080391146 24.43729396379618 0.0
124.95680714313923 -23.764500809932198 0.0
128.44474059442604 -63.625204686770175 -5.373690090372835
77.87738340145866 -52.98165132997716 0.0
-127.42147137129042 64.90050704134184 -5.185651818340553
-128.3740909183677 -63.54674828653133 -5.486724037894181
-129.0129497232297 63.374431557841426 -5.266925569007996
127.19283834702927 64.78301863750632 -5.354076740607523
37.86001766354358 51.28395976770445 0.0
1.994790681657474 68.6372994809682 -5.320066766813992
127.73217182409394 64.42426692851367 -5.99110946196572
64.19020634231931 -5.136801607912228 0.0
39.35476158188118 21.10705035396515 0.0
-129.4048021251567 -63.5023787777776 -5.685703007642623
127.85435581773893 64.40410030165513 -5.892711515878588
128.76428500305977 -63.675852203976625 -6.1058420942904
105.00215080391146 24.43729396379618 0.0
124.95680714313923 -23.764500809932198 0.0
128.44474059442604 -63.625204686770175 -5.373690090372835
77.87783100081494 -52.98172828566166 0.0
-127.42147137129042 64.90050704134184 -5.185651818340553
-128.3740909183677 -63.54674828653133 -5.486724037894181
-129.0129497232297 63.374431557841426 -5.266925569007996
127.19283834702927 64.78301863750632 -5.354076740607523
37.86001766354358 51.28395976770445 0.0
1.994790681657474 68.6372994809682 -5.320066766813992
127.73217182409394 64.42426692851367 -5.99110946196572
64.19020634231931 -5.136801607912228 0.0
39.35476158188118 21.10705035396515 0.0
-129.4048021251567 -63.5023787777776 -5.685703007642623
127.85435581773893 64.40410030165513 -5.892711515878588
128.76428500305977 -63.675852203976625 -6.1058420942904
105.00215080391146 24.43729396379618 0.0
124.95680714313923 -23.764500809932198 0.0
128.44474059442604 -63.625204686770175 -5.373690090372835
77.87806972047161 -52.981769328693396 0.0
-127.42147137129042 64.90050704134184 -5.185651818340553
-128.3740909183677 -63.54674828653133 -5.486724037894181
-129.0129497232297 63.374431557841426 -5.266925569007996
127.19283834702927 64.78301863750632 -5.354076740607523
37.86001766354358 51.28395976770445 0.0
1.994790681657474 68.6372994809682 -5.320066766813992
127.73217182409394 64.42426692851367 -5.99110946196572
64.19020634231931 -5.136801607912228 0.0
39.35476158188118 21.10705035396515 0.0
-129.4048021251567 -63.5023787777776 -5.685703007642623
127.85435581773893 64.40410030165513 -5.892711515878588
128.76428500305977 -63.675852203976625 -6.1058420942904
105.00215080391146 24.43729396379618 0.0
124.95680714313923 -23.764500809932198 0.0
128.44474059442604 -63.625204686770175 -5.373690090372835
77.8780995604287 -52.98177445907236 0.0
-127.42147137129042 64.90050704134184 -5.185651818340553
-128.3740909183677 -63.54674828653133 -5.486724037894181
-129.0129497232297 63.374431557841426 -5.266925569007996
127.19283834702927 64.78301863750632 -5.354076740607523
37.86001766354358 51.28395976770445 0.0
1.994790681657474 68.6372994809682 -5.320066766813992
127.73217182409394 64.42426692851367 -5.99110946196572
64.19020634231931 -5.136801607912228 0.0
39.35476158188118 21.10705035396515 0.0
-129.4048021251567 -63.5023787777776 -5.685703007642623
127.85435581773893 64.40410030165513 -5.892711515878588
128.76428500305977 -63.675852203976625 -6.1058420942904
105.00215080391146 24.43729396379618 0.0
124.95680714313923 -23.764500809932198 0.0
128.44474059442604 -63.625204686770175 -5.373690090372835
77.8780995604287 -52.98177445907236 0.0
-127.42147137129042 64.90050704134184 -5.185651818340553
-128.3740909183677 -63.54674828653133 -5.486724037894181
-129.0129497232297 63.374431557841426 -5.266925569007996
127.19283834702927 64.78301863750632 -5.354076740607523
37.86001766354358 51.28395976770445 0.0
1.994790681657474 68.6372994809682 -5.320066766813992
127.73217182409394 64.42426692851367 -5.99110946196572
64.19020634231931 -5.136801607912228 0.0
39.35476158188118 21.10705035396515 0.0
-129.4048021251567 -63.5023787777776 -5.685703007642623
127.85435581773893 64.40410030165513 -5.892711515878588
128.76428500305977 -63.675852203976625 -6.1058420942904
105.00215080391146 24.43729396379618 0.0
124.95680714313923 -23.764500809932198 0.0
128.44474059442604 -63.625204686770175 -5.373690090372835
